-6.28318530717959 0 2.22044604925031E-16
-6.27060635761566 1.51228224431056E-05 0.000148171310602407
-6.25802740805174 6.59820863784803E-05 0.000592165088981744
-6.24544845848782 0.000160701162127433 0.0013311671778018
-6.23286950892389 0.000307252987227543 0.00236431837933426
-6.22029055935997 0.000513460066432663 0.00369071470576543
-6.20771160979605 0.000786994471712919 0.00530940763602095
-6.19513266023212 0.00113537784225473 0.00721940437905477
-6.1825537106682 0.00156598138446073 0.00941966814354034
-6.16997476110428 0.00208602587194986 0.0119091184139108
-6.15739581154036 0.00270258164555735 0.014686631232679
-6.14481686197643 0.00342256861333468 0.0177510394889882
-6.13223791241251 0.00425275625054961 0.0211011332133197
-6.11965896284859 0.00519976359968616 0.0247356598783048
-6.10708001328466 0.00627005927044463 0.0286533247055705
-6.09450106372074 0.00746996143974161 0.0328527909785594
-6.08192211415682 0.00880563785170993 0.0373326803612588
-6.06934316459289 0.0102831058176987 0.0420915732227676
-6.05676421502897 0.0119082322162733 0.0471280089676425
-6.04418526546505 0.0136867334932155 0.0524404863719525
-6.03160631590112 0.0156241756615232 0.0580274639249705
-6.0190273663372 0.0177259743014105 0.063887360176438
-6.00644841677328 0.0199973945603079 0.0700185540893352
-5.99386946720935 0.0224435511528622 0.0764193853980786
-5.98129051764543 0.0250694083609363 0.0830881549720808
-5.96871156808151 0.0278797800336097 0.0900231251846033
-5.95613261851759 0.0308793295871778 0.0972225202868204
-5.94355366895366 0.0340725700051525 0.104684526787037
-5.93097471938974 0.037463863838262 0.112407293834968
-5.91839576982582 0.0410574232044505 0.120388933611023
-5.90581682026189 0.0448573097888788 0.128627521720506
-5.89323787069797 0.0488674348439237 0.137121097592669
-5.88065892113405 0.0530915591891785 0.145867664884536
-5.86807997157012 0.057533293211453 0.154865191889415
-5.8555010220062 0.0621960968647723 0.164111611950037
-5.84292207244228 0.0670832796703786 0.17360482387623
-5.83034312287835 0.0721980007167303 0.18334269236706
-5.81776417331443 0.077543268659502 0.193323048437345
-5.80518522375051 0.0831219417215845 0.203543689848492
-5.79260627418659 0.0889367276930848 0.214002381543538
-5.78002732462266 0.0949901839313264 0.224696856086351
-5.76744837505874 0.101284717360849 0.23562481410489
-5.75486942549482 0.107822584473408 0.246783924738451
-5.74229047593089 0.114605891327976 0.25817182608881
-5.72971152636697 0.121636593550743 0.269786125675191
-5.71713257680305 0.12891649633511 0.281624400892972
-5.70455362723912 0.136447254441702 0.293684199476044
-5.6919746776752 0.144230372198354 0.305963039962742
-5.67939572811128 0.152267203500119 0.318458412165272
-5.66681677854735 0.160558951809269 0.331167777642532
-5.65423782898343 0.169106670155289 0.344088570176267
-5.64165887941951 0.17791126113488 0.357218196250449
-5.62907992985559 0.186973476911963 0.37055403553382
-5.61650098029166 0.196293919217672 0.384093441365496
-5.60392203072774 0.205873039350358 0.397833741243554
-5.59134308116382 0.215711138175588 0.411772237316521
-5.57876413159989 0.225808366126147 0.425906206877665
-5.56618518203597 0.236164723202034 0.440232902862022
-5.55360623247205 0.246780058970465 0.454749554346047
-5.54102728290812 0.257654072565874 0.469453367049842
-5.5284483333442 0.268786312689909 0.484341523841818
-5.51586938378028 0.280176177611434 0.499411185245765
-5.50329043421635 0.291822915166532 0.514659489950197
-5.49071148465243 0.303725622758499 0.53008355531991
-5.47813253508851 0.315883247357851 0.545680477909656
-5.46555358552459 0.328294585502316 0.561447333979845
-5.45297463596066 0.340958283296842 0.577381180014196
-5.44039568639674 0.353872836413592 0.593479053239241
-5.42781673683282 0.367036590091943 0.609737972145596
-5.41523778726889 0.380447739138492 0.626154937010914
-5.40265883770497 0.394104327927051 0.642726930424432
-5.39007988814105 0.408004250398644 0.659450917813017
-5.37750093857712 0.422145250061521 0.67632384796865
-5.3649219890132 0.436524919991138 0.6933426535772
-5.35234303944928 0.451140702830173 0.71050425174849
-5.33976408988535 0.465989890788518 0.727805544547472
-5.32718514032143 0.481069625643284 0.745243419526499
-5.31460619075751 0.496376898738795 0.762814750258564
-5.30202724119358 0.511908550986593 0.780516396871429
-5.28944829162966 0.527661272865436 0.798345206582561
-5.27686934206574 0.543631604421298 0.816298014234785
-5.26429039250182 0.559815935267371 0.834371642832568
-5.25171144293789 0.576210504584059 0.852562904078836
-5.23913249337397 0.592811401118989 0.870868598912261
-5.22655354381005 0.609614563186996 0.889285518044895
-5.21397459424612 0.62661577867014 0.907810442500115
-5.2013956446822 0.643810685017689 0.926440144150729
-5.18881669511828 0.661194769246132 0.945171386257216
-5.17623774555435 0.678763367939176 0.964000924005978
-5.16365879599043 0.696511667247739 0.98292550504753
-5.15107984642651 0.714434702889958 1.00194187003454
-5.13850089686258 0.732527360151188 1.02104675315962
-5.12592194729866 0.750784373883998 1.04023688269285
-5.11334299773474 0.769200328508173 1.05950898151881
-5.10076404817082 0.787769658010716 1.07885976767319
-5.08818509860689 0.806486645945844 1.09828595487883
-5.07560614904297 0.825345425434994 1.11778425308103
-5.06302719947905 0.844339979166813 1.13735136898219
-5.05044824991512 0.863464139397173 1.15698400657562
-5.0378693003512 0.882711587949154 1.17667886767838
-5.02529035078728 0.902075856213056 1.19643265246318
-5.01271140122335 0.921550325146396 1.21624205998922
-5.00013245165943 0.941128225273906 1.23610378873182
-4.98755350209551 0.960802636687534 1.25601453711085
-4.97497455253158 0.980566489046445 1.27597100401783
-4.96239560296766 1.00041256157702 1.29596988934165
-4.94981665340374 1.02033348307286 1.31600789449277
-4.93723770383982 1.04032173189477 1.33608172292589
-4.92465875427589 1.06036963597079 1.35618808066096
-4.91207980471197 1.08046937279616 1.37632367680253
-4.89950085514805 1.10061296943334 1.3964852240572
-4.88692190558412 1.12079230251201 1.41666943924928
-4.8743429560202 1.14099964450568 1.43687304383447
-4.86176400645628 1.16122937380291 1.4570927644115
-4.84918505689235 1.18147646054999 1.47732533323168
-4.83660610732843 1.20173593818468 1.49756748870626
-4.82402715776451 1.22200290343621 1.51781597591154
-4.81144820820058 1.24227251632528 1.5380675470916
-4.79886925863666 1.26254000016407 1.55831896215872
-4.78629030907274 1.28280064155622 1.57856698919122
-4.77371135950881 1.30304979039684 1.59880840492879
-4.76113240994489 1.32328285987252 1.61903999526523
-4.74855346038097 1.34349532646131 1.63925855573837
-4.73597451081705 1.36368272993274 1.65946089201739
-4.72339556125312 1.38384067334781 1.67964382038716
-4.7108166116892 1.40396482305898 1.6998041682297
-4.69823766212528 1.4240509087102 1.71993877450272
-4.68565871256135 1.44409472323686 1.74004449021504
-4.67307976299743 1.46409212286586 1.76011817889894
-4.66050081343351 1.48403902711554 1.78015671707927
-4.64792186386958 1.50393141879572 1.80015699473937
-4.63534291430566 1.5237653440077 1.82011591578361
-4.62276396474174 1.54353691214424 1.84003039849662
-4.61018501517781 1.56324229588957 1.85989737599899
-4.59760606561389 1.5828777312194 1.87971379669952
-4.58502711604997 1.6024395174009 1.89947662474384
-4.57244816648605 1.62192401699272 1.91918284045947
-4.55986921692212 1.64132765584497 1.93882944079706
-4.5472902673582 1.66064692309925 1.95841343976801
-4.53471131779428 1.6798783711886 1.97793186887812
-4.52213236823035 1.69901861583757 1.9973817775575
-4.50955341866643 1.71806433606215 2.01676023358644
-4.49697446910251 1.7370122741698 2.03606432351728
-4.48439551953858 1.75585923575948 2.05529115309235
-4.47181656997466 1.77460208972159 2.07443784765758
-4.45923762041074 1.79323776823801 2.09350155257216
-4.44665867084681 1.8117632667821 2.11247943361387
-4.43407972128289 1.83017564411869 2.13136867738007
-4.42150077171897 1.84847202230406 2.15016649168453
-4.40892182215504 1.86664958668599 2.16887010594973
-4.39634287259112 1.88470558590371 2.18747677159475
-4.3837639230272 1.90263733188792 2.20598376241878
-4.37118497346328 1.92044219986081 2.22438837497992
-4.35860602389935 1.93811762833603 2.24268792896958
-4.34602707433543 1.95566111911868 2.26087976758207
-4.33344812477151 1.97307023730537 2.27896125787966
-4.32086917520758 1.99034261128416 2.29692979115283
-4.30829022564366 2.00747593273457 2.31478278327577
-4.29571127607974 2.02446795662761 2.33251767505703
-4.28313232651581 2.04131650122575 2.35013193258541
-4.27055337695189 2.05801944808293 2.36762304757079
-4.25797442738797 2.07457474204457 2.38498853768019
-4.24539547782405 2.09098039124756 2.40222594686866
-4.23281652826012 2.10723446712025 2.41933284570531
-4.2202375786962 2.12333510438247 2.43630683169416
-4.20765862913228 2.13928050104552 2.45314552958993
-4.19507967956835 2.15506891841216 2.46984659170871
-4.18250073000443 2.17069868107663 2.48640769823336
-4.16992178044051 2.18616817692464 2.50282655751381
-4.15734283087658 2.20147585713338 2.51910090636203
-4.14476388131266 2.2166202361715 2.53522851034174
-4.13218493174874 2.23159989179911 2.55120716405283
-4.11960598218481 2.24641346506781 2.56703469141036
-4.10702703262089 2.26105966032066 2.58270894591828
-4.09444808305697 2.2755372451922 2.59822781093764
-4.08186913349305 2.28984505060844 2.61358919994941
-4.06929018392912 2.30398197078684 2.62879105681187
-4.0567112343652 2.31794696323636 2.6438313560124
-4.04413228480128 2.33173904875742 2.65870810291387
-4.03155333523735 2.34535731144189 2.67341933399538
-4.01897438567343 2.35880089867314 2.6879631170875
-4.00639543610951 2.372069021126 2.70233755160187
-3.99381648654558 2.38516095276677 2.7165407687552
-3.98123753698166 2.39807603085323 2.73057093178766
-3.96865858741774 2.4108136559346 2.74442623617554
-3.95607963785381 2.42337329185161 2.7581049098383
-3.94350068828989 2.43575446573644 2.77160521333988
-3.93092173872597 2.44795676801274 2.78492544008431
-3.91834278916204 2.45997985239563 2.79806391650559
-3.90576383959812 2.47182343589172 2.81101900225179
-3.8931848900342 2.48348729879907 2.82378909036345
-3.88060594047028 2.49497128470722 2.83637260744613
-3.86802699090635 2.50627530049716 2.84876801383722
-3.85544804134243 2.51739931634139 2.86097380376692
-3.84286909177851 2.52834336570386 2.87298850551342
-3.83029014221458 2.53910754533997 2.88481068155224
-3.81771119265066 2.54969201529663 2.89643892869977
-3.80513224308674 2.56009699891218 2.90787187825091
-3.79255329352281 2.57032278281648 2.91910819611094
-3.77997434395889 2.58036971693082 2.93014658292146
-3.76739539439497 2.59023821446796 2.94098577418049
-3.75481644483104 2.59992875193217 2.95162454035675
-3.74223749526712 2.60944186911915 2.96206168699803
-3.7296585457032 2.61877816911608 2.97229605483366
-3.71707959613927 2.62793831830164 2.98232651987119
-3.70450064657535 2.63692304634593 2.9921519934871
-3.69192169701143 2.64573314621057 3.00177142251173
-3.67934274744751 2.65436947414861 3.01118378930827
-3.66676379788358 2.66283294970461 3.0203881118459
-3.65418484831966 2.67112455571457 3.02938344376708
-3.64160589875574 2.67924533830597 3.03816887444897
-3.62902694919181 2.68719640689776 3.04674352905895
-3.61644799962789 2.69497893420037 3.05510656860436
-3.60386905006397 2.70259415621568 3.06325718997634
-3.59129010050004 2.71004337223708 3.07119462598788
-3.57871115093612 2.71732794484938 3.07891814540595
-3.5661322013722 2.72444929992889 3.08642705297794
-3.55355325180827 2.7314089266434 3.09372068945219
-3.54097430224435 2.73820837745215 3.10079843159276
-3.52839535268043 2.74484926810585 3.10765969218841
-3.51581640311651 2.75133327764669 3.1143039200558
-3.50323745355258 2.75766214840835 3.12073060003696
-3.49065850398866 2.76383768601593 3.12693925299098
-3.47807955442474 2.76986096702207 3.13292943577999
-3.46550060486081 2.7757299624554 3.13870074124942
-3.45292165529689 2.78144191603343 3.14425279820261
-3.44034270573297 2.78699413668664 3.14958527136964
-3.42776375616904 2.79238399855846 3.15469786137064
-3.41518480660512 2.79760894100531 3.15959030467334
-3.4026058570412 2.80266646859657 3.16426237354512
-3.39002690747727 2.80755415111459 3.16871387599933
-3.37744795791335 2.81226962355469 3.17294465573621
-3.36486900834943 2.81681058612517 3.17695459207807
-3.35229005878551 2.82117480424728 3.18074359989912
-3.33971110922158 2.82536010855525 3.18431162954971
-3.32713215965766 2.82936439489628 3.1876586667751
-3.31455321009374 2.83318562433053 3.1907847326288
-3.30197426052981 2.83682182313115 3.19368988338053
-3.28939531096589 2.84027108278424 3.19637421041869
-3.27681636140197 2.84353155998888 3.19883784014761
-3.26423741183804 2.84660147665712 3.20108093387933
-3.25165846227412 2.84947911991396 3.20310368772017
-3.2390795127102 2.85216284209739 3.204906332452
-3.22650056314627 2.85465106075837 3.20648913340829
-3.21392161358235 2.85694225866081 3.20785239034491
-3.20134266401843 2.85903498378162 3.20899643730585
-3.18876371445451 2.86092784931065 3.20992164248369
-3.17618476489058 2.86261953365074 3.21062840807509
-3.16360581532666 2.86410878041768 3.21111717013111
-3.15102686576274 2.86539439844025 3.21138839840255
-3.13844791619881 2.86647526176019 3.21144259618035
-3.12586896663489 2.8673503096322 3.21128030013091
-3.11329001707097 2.86801854652397 3.21090208012665
-3.10071106750704 2.86847904211613 3.21030853907154
-3.08813211794312 2.86873093130232 3.20950031272196
-3.0755531683792 2.86877341418911 3.20847806950261
-3.06297421881527 2.86860575609607 3.20724251031777
-3.05039526925135 2.86822728755571 3.20579436835783
-3.03781631968743 2.86763740431354 3.20413440890111
-3.0252373701235 2.86683556732802 3.20226342911113
-3.01265842055958 2.86582130277057 3.20018225782924
-3.00007947099566 2.86459420202561 3.19789175536271
-2.98750052143174 2.86315392169051 3.1953928132684
-2.97492157186781 2.86150018357561 3.19268635413192
-2.96234262230389 2.85963277470423 3.18977333134241
-2.94976367273997 2.85755154731263 3.18665472886297
-2.93718472317604 2.85525641885008 3.1833315609968
-2.92460577361212 2.85274737197879 3.17980487214907
-2.9120268240482 2.85002445457395 3.17607573658457
-2.89944787448427 2.84708777972373 3.17214525818127
-2.88686892492035 2.84393752572925 3.16801457017967
-2.87428997535643 2.8405739361046 3.16368483492817
-2.8617110257925 2.83699731957686 3.15915724362442
-2.84913207622858 2.83320805008606 3.1544330160527
-2.83655312666466 2.8292065667852 3.14951340031737
-2.82397417710074 2.82499337404027 3.14439967257259
-2.81139522753681 2.8205690414302 3.13909313674804
-2.79881627797289 2.81593420374691 3.1335951242711
-2.78623732840897 2.81108956099529 3.12790699378523
-2.77365837884504 2.80603587839319 3.1220301308647
-2.76107942928112 2.80077398637143 3.1159659477258
-2.7485004797172 2.79530478057379 3.10971588293452
-2.73592153015327 2.78962922185706 3.10328140111067
-2.72334258058935 2.78374833629094 3.09666399262871
-2.71076363102543 2.77766321515815 3.08986517331514
-2.6981846814615 2.77137501495435 3.08288648414257
-2.68560573189758 2.76488495738818 3.07572949092068
-2.67302678233366 2.75819432938126 3.06839578398377
-2.66044783276973 2.75130448306815 3.06088697787542
-2.64786888320581 2.74421683579641 3.05320471102989
-2.63528993364189 2.73693287012655 3.04535064545062
-2.62271098407797 2.72945413383206 3.03732646638573
-2.61013203451404 2.72178223989939 3.02913388200062
-2.59755308495012 2.71391886652798 3.02077462304776
-2.5849741353862 2.7058657571302 3.01225044253371
-2.57239518582227 2.69762472033143 3.00356311538337
-2.55981623625835 2.68919762997001 2.99471443810164
-2.54723728669443 2.68058642509722 2.98570622843244
-2.5346583371305 2.67179310997735 2.97654032501525
-2.52207938756658 2.66281975408763 2.9672185870391
-2.50950043800266 2.65366849211829 2.95774289389422
-2.49692148843873 2.64434152397249 2.9481151448213
-2.48434253887481 2.63484111476638 2.9383372585585
-2.47176358931089 2.6251695948291 2.92841117298617
-2.45918463974697 2.61532935970271 2.91833884476949
-2.44660569018304 2.60532287014229 2.90812224899895
-2.43402674061912 2.59515265211586 2.89776337882882
-2.4214477910552 2.58482129680442 2.88726424511361
-2.40886884149127 2.57433146060193 2.8766268760427
-2.39628989192735 2.56368586511533 2.86585331677299
-2.38371094236343 2.55288729716452 2.85494562905991
-2.3711319927995 2.54193860878238 2.8439058908866
-2.35855304323558 2.53084271721476 2.83273619609149
-2.34597409367166 2.51960260492046 2.82143865399426
-2.33339514410773 2.50822131957127 2.81001538902024
-2.32081619454381 2.49670197405193 2.79846854032345
-2.30823724497989 2.48504774646019 2.78680026140809
-2.29565829541597 2.47326188010671 2.77501271974882
-2.28307934585204 2.46134768351517 2.76310809640967
-2.27050039628812 2.44930853042219 2.75108858566179
-2.2579214467242 2.43714785977738 2.73895639460005
-2.24534249716027 2.42486917574329 2.72671374275852
-2.23276354759635 2.41247604769548 2.71436286172499
-2.22018459803243 2.39997211022245 2.70190599475448
-2.2076056484685 2.38736106312567 2.68934539638188
-2.19502669890458 2.37464667141959 2.67668333203377
-2.18244774934066 2.36183276533163 2.66392207763946
-2.16986879977673 2.34892324030217 2.65106391924138
-2.15728985021281 2.33592205698456 2.63811115260472
-2.14471090064889 2.32283324124514 2.62506608282665
-2.13213195108496 2.30966088416319 2.61193102394493
-2.11955300152104 2.29640914203098 2.59870829854606
-2.10697405195712 2.28308223635375 2.5854002373732
-2.0943951023932 2.26968445384968 2.57200917893354
-2.08181615282927 2.25621991414968 2.55853746910564
-2.06923720326535 2.24269184176762 2.54498746074644
-2.05665825370143 2.2291032085257 2.5313615132982
-2.0440793041375 2.21545695807245 2.51766199239538
-2.03150035457358 2.20175600588275 2.50389126947145
-2.01892140500966 2.18800323925786 2.49005172136589
-2.00634245544573 2.17420151732537 2.47614572993118
-1.99376350588181 2.16035367103924 2.46217568164008
-1.98118455631789 2.14646250317978 2.44814396719309
-1.96860560675396 2.13253078835366 2.43405298112628
-1.95602665719004 2.1185612729939 2.41990512141941
-1.94344770762612 2.10455667535987 2.40570278910459
-1.9308687580622 2.09051968553731 2.39144838787537
-1.91828980849827 2.07645296543831 2.37714432369638
-1.90571085893435 2.0623591488013 2.36279300441364
-1.89313190937043 2.04824084119108 2.34839683936548
-1.8805529598065 2.03410061999881 2.33395823899427
-1.86797401024258 2.01994103444199 2.31947961445892
-1.85539506067866 2.00576460556448 2.30496337724821
-1.84281611111473 1.99157382623651 2.29041193879508
-1.83023716155081 1.97737116115464 2.27582771009188
-1.81765821198689 1.96315904684181 2.26121310130667
-1.80507926242296 1.94893989164729 2.24657052140057
-1.79250031285904 1.93471607574672 2.23190237774638
-1.77992136329512 1.92048995114211 2.21721107574822
-1.7673424137312 1.90626384166178 2.20249901846265
-1.75476346416727 1.89204004296046 2.18776860622097
-1.74218451460335 1.87782082251919 2.17302223625296
-1.72960556503943 1.86360841964539 2.15826230231205
-1.7170266154755 1.84940504547283 2.14349119430201
-1.70444766591158 1.83521288296164 2.12871129790514
-1.69186871634766 1.82103408689828 2.11392499421211
-1.67928976678373 1.80687078389561 2.09913465935349
-1.66671081721981 1.79272507239279 2.0843426641329
-1.65413186765589 1.77859902265539 2.06955137366204
-1.64155291809196 1.7644946767753 2.05476314699746
-1.62897396852804 1.75041404867077 2.03998033677928
-1.61639501896412 1.73635912408642 2.0252052888718
-1.6038160694002 1.72233186059321 2.01044034200609
-1.59123711983627 1.70833418758845 1.99568782742463
-1.57865817027235 1.69436800629583 1.98095006852808
-1.56607922070843 1.68043518976537 1.96622938052407
-1.5535002711445 1.66653758287347 1.95152807007834
-1.54092132158058 1.65267700232285 1.93684843496797
-1.52834237201666 1.63885523664261 1.92219276373702
-1.51576342245273 1.62507404618822 1.90756333535442
-1.50318447288881 1.61133516314147 1.89296241887429
-1.49060552332489 1.59764029151052 1.87839227309871
-1.47802657376096 1.58399110712988 1.86385514624294
-1.46544762419704 1.57038925766044 1.84935327560317
-1.45286867463312 1.55683636258942 1.83488888722689
-1.44028972506919 1.5433340132304 1.82046419558585
-1.42771077550527 1.52988377272331 1.80608140325167
-1.41513182594135 1.51648717603444 1.79174270057422
-1.40255287637743 1.50314572995645 1.77745026536272
-1.3899739268135 1.48986091310834 1.76320626256965
-1.37739497724958 1.47663417593546 1.74901284397748
-1.36481602768566 1.46346694070952 1.73487214788838
-1.35223707812173 1.4503606015286 1.72078629881674
-1.33965812855781 1.43731652431711 1.70675740718475
-1.32707917899389 1.42433604682583 1.69278756902094
-1.31450022942996 1.4114204786319 1.67887886566184
-1.30192127986604 1.3985711011388 1.66503336345667
-1.28934233030212 1.38578916757637 1.65125311347518
-1.27676338073819 1.37307590300082 1.6375401512187
-1.26418443117427 1.3604325042947 1.62389649633433
-1.25160548161035 1.34786014016691 1.61032415233248
-1.23902653204643 1.33535995115273 1.59682510630759
-1.2264475824825 1.32293304961375 1.58340132866223
-1.21386863291858 1.31058051973797 1.57005477283455
-1.20128968335466 1.29830341753971 1.55678737502912
-1.18871073379073 1.28610277085966 1.5436010539512
-1.17613178422681 1.27397957936484 1.53049771054443
-1.16355283466289 1.26193481454867 1.51747922773212
-1.15097388509896 1.24996941973088 1.50454747016194
-1.13839493553504 1.23808431005758 1.49170428395421
-1.12581598597112 1.22628037250123 1.47895149645387
-1.11323703640719 1.21455846586065 1.46629091598591
-1.10065808684327 1.202919420761 1.45372433161461
-1.08807913727935 1.19136403965381 1.44125351290632
-1.07550018771543 1.17989309681696 1.42888020969605
-1.0629212381515 1.16850733835469 1.41660615185774
-1.05034228858758 1.15720748219758 1.40443304907832
-1.03776333902366 1.14599421810258 1.39236259063555
-1.02518438945973 1.13486820765299 1.38039644517968
-1.01260543989581 1.12383008425847 1.36853626051892
-1.00002649033189 1.11288045315503 1.35678366340885
-0.987447540767963 1.10201989140504 1.34514025934563
-0.97486859120404 1.0912489478972 1.33360763236319
-0.962289641640117 1.08056814334661 1.3221873448343
-0.949710692076194 1.06997797029469 1.31088093727568
-0.937131742512271 1.05947889310923 1.29968992815698
-0.924552792948348 1.04907134798437 1.28861581371385
-0.911973843384425 1.0387557429406 1.27766006776498
-0.899394893820502 1.02853245782479 1.26682414153318
-0.886815944256578 1.01840184431013 1.25610946347055
-0.874236994692655 1.00836422589618 1.24551743908767
-0.861658045128732 0.998419897908877 1.23504945078696
-0.849079095564809 0.988569127500475 1.22470685770004
-0.836500146000886 0.978812153649608 1.2144909955293
-0.823921196436963 0.969149187161258 1.20440317639357
-0.81134224687304 0.959580410666763 1.19444468867799
-0.798763297309117 0.950105978623814 1.18461679688793
-0.786184347745194 0.940726017316461 1.17492074150722
-0.773605398181271 0.931440624855106 1.16535773886052
-0.761026448617348 0.922249871176507 1.15592898097983
-0.748447499053425 0.913153798043777 1.14663563547534
-0.735868549489502 0.904152419046386 1.13747884541038
-0.723289599925578 0.895245719600155 1.12845972918066
-0.710710650361655 0.886433656947265 1.11957938039779
-0.698131700797732 0.877716160156249 1.11083886777693
-0.685552751233809 0.869093659262055 1.10223923502882
-0.672973801669886 0.860568662799694 1.09378150075602
-0.660394852105963 0.852144153082613 1.08546665835338
-0.64781590254204 0.84382305459101 1.07729567591288
-0.635236952978117 0.835608233971824 1.06926949613264
-0.622658003414194 0.827502500038741 1.06138903623027
-0.610079053850271 0.819508603772196 1.05365518786053
-0.597500104286348 0.811629238319366 1.04606881703722
-0.584921154722425 0.803867038994176 1.03863076405936
-0.572342205158502 0.796224583277296 1.03134184344173
-0.559763255594578 0.788704390816141 1.02420284384962
-0.547184306030655 0.781308923424874 1.0172145280379
-0.534605356466732 0.774040585084404 1.0103776327944
-0.522026406902809 0.766901721942383 1.00369286888756
-0.509447457338886 0.75989462231321 0.99716092101831
-0.496868507774963 0.753021516678032 0.990782447776363
-0.48428955821104 0.746284577684739 0.984558081600644
-0.471710608647117 0.739685920147968 0.97848842874408
-0.459131659083194 0.733227601049102 0.972574069242627
-0.446552709519271 0.726911619536269 0.966815556888566
-0.433973759955347 0.720739916924346 0.961213419208051
-0.421394810391424 0.71471437669495 0.955768157442908
-0.408815860827501 0.70883682449645 0.950480246536675
-0.396236911263578 0.703109028143956 0.945350135124878
-0.383657961699654 0.697532697619328 0.940378245529522
-0.371079012135731 0.692109485071168 0.935564973757802
-0.358500062571808 0.686840984814826 0.930910689505019
-0.345921113007885 0.681728733332399 0.926415736161678
-0.333342163443962 0.676774209272726 0.922080430824783
-0.320763213880039 0.671978833451396 0.917905064313285
-0.308184264316116 0.667343968850741 0.913889901187692
-0.295605314752193 0.662870920619841 0.910035179773823
-0.28302636518827 0.658560936074519 0.906341112190686
-0.270447415624347 0.654415204697347 0.902807884382468
-0.257868466060424 0.65043485813764 0.899435656154626
-0.2452895164965 0.646620970211462 0.896224561214056
-0.232710566932577 0.642974556901619 0.893174707213333
-0.220131617368654 0.639496576357667 0.890286175798984
-0.207552667804731 0.636187928895905 0.88755902266381
-0.194973718240808 0.633049456999378 0.884993277603202
-0.182394768676885 0.630081945317879 0.88258894457546
-0.169815819112962 0.627286120667944 0.880346001766078
-0.157236869549039 0.624662652032857 0.878264401655984
-0.144657919985116 0.622212150562646 0.87634407109371
-0.132078970421193 0.619935169574087 0.874584911371473
-0.11950002085727 0.617832204550701 0.872986798305144
-0.106921071293347 0.615903693142752 0.871549582318079
-0.094342121729424 0.614150015167256 0.870273088528798
-0.0817631721655001 0.612571492607968 0.869157116842476
-0.0691842226015771 0.611168389615395 0.868201442046233
-0.0566052730376541 0.609940912506785 0.867405813908195
-0.044026323473731 0.608889209766135 0.866769957280292
-0.031447373909808 0.608013372044186 0.866293572204784
-0.018868424345885 0.607313432158426 0.86597633402447
-0.00628947478196196 0.606789365093087 0.865817893496572
0.00628947478196107 0.60644108799915 0.865817876910247
0.0188684243458841 0.606268460194339 0.865975886207716
0.0314473739098071 0.606271283163125 0.866291499108972
0.0440263234737301 0.606449300556725 0.866764269240044
0.0566052730376532 0.606802198193102 0.867393726264776
0.0691842226015762 0.607329604056964 0.868179376020111
0.0817631721655001 0.608031088299764 0.869120700654828
0.0943421217294231 0.608906163239705 0.870217158771716
0.106921071293346 0.60995428336173 0.871468185573152
0.119500020857269 0.611174845317534 0.872873193010039
0.132078970421192 0.612567187925552 0.874431569934091
0.144657919985115 0.614130592170968 0.876142682253414
0.157236869549038 0.615864281205712 0.878005873091364
0.169815819112961 0.61776742034846 0.880020462948641
0.182394768676884 0.619839117084631 0.882185749868581
0.194973718240807 0.622078421066394 0.88450100960563
0.20755266780473 0.62448432411266 0.886965495796934
0.220131617368653 0.627055760209089 0.889578440137047
0.232710566932576 0.629791605508084 0.892339052555686
0.2452895164965 0.632690678328798 0.895246521398528
0.257868466060423 0.635751739157125 0.898300013610982
0.270447415624346 0.638973490645706 0.90149867492493
0.283026365188269 0.642354577613931 0.904841630048374
0.295605314752192 0.645893587047934 0.908327982857967
0.308184264316115 0.649589048100592 0.911956816594385
0.320763213880038 0.653439432091533 0.915727194060498
0.333342163443962 0.657443152507126 0.919638157822311
0.345921113007885 0.66159856500049 0.923688730412626
0.358500062571808 0.665903967391488 0.927877914537392
0.371079012135731 0.670357599666727 0.932204693284695
0.383657961699654 0.674957643979563 0.936668030336367
0.396236911263577 0.679702224650096 0.941266870182145
0.408815860827501 0.684589408165173 0.946000138336368
0.421394810391424 0.689617203178385 0.950866741557149
0.433973759955347 0.694783560510071 0.955865568068
0.44655270951927 0.700086373147314 0.960995487781845
0.459131659083193 0.705523476243946 0.966255352527406
0.471710608647116 0.711092647120539 0.971643996277896
0.484289558211039 0.716791605264417 0.977160235381996
0.496868507774962 0.722618012329646 0.982802868797058
0.509447457338885 0.728569472137041 0.988570678324502
0.522026406902808 0.734643530674158 0.994462428847358
0.534605356466731 0.740837676095304 1.00047686856991
0.547184306030654 0.74714933872153 1.00661272925941
0.559763255594577 0.75357589104063 1.01286872648978
0.572342205158501 0.76011464770715 1.01924355988732
0.584921154722424 0.766762865542375 1.02573591337835
0.597500104286347 0.77351774353434 1.03234445543868
0.61007905385027 0.780376422837825 1.03906783934496
0.622658003414193 0.787335986774356 1.04590470342785
0.635236952978116 0.794393460832205 1.05285367132687
0.647815902542039 0.801545812666388 1.05991335224703
0.660394852105962 0.80878995209867 1.06708234121705
0.672973801669885 0.816122731117559 1.07435921934924
0.685552751233808 0.823540943878311 1.08174255410095
0.698131700797731 0.831041326702925 1.08923089953749
0.710710650361654 0.838620893600468 1.0968227965966
0.723289599925578 0.846277963386205 1.1045167733543
0.735868549489501 0.85401118909745 1.11231134529213
0.748447499053424 0.861819227612788 1.12020501556575
0.761026448617347 0.86970073965208 1.12819627527483
0.77360539818127 0.87765438977646 1.13628360373415
0.786184347745193 0.885678846388336 1.14446546874595
0.798763297309116 0.893772781731389 1.15274032687339
0.811342246873039 0.901934871890573 1.16110662371517
0.823921196436962 0.910163796792116 1.16956279418113
0.836500146000885 0.91845824020352 1.17810726276894
0.849079095564808 0.926816889733559 1.18673844384174
0.861658045128731 0.935238436832283 1.19545474190665
0.874236994692654 0.943721576791013 1.2042545518942
0.886815944256578 0.952265008742345 1.2131362594386
0.899394893820501 0.960867435660147 1.22209824115874
0.911973843384424 0.969527564359563 1.23113886493997
0.924552792948347 0.978244105497009 1.24025649021652
0.93713174251227 0.987015773570174 1.24944946825462
0.949710692076193 0.995841286918022 1.25871614243612
0.962289641640116 1.00471936772079 1.26805484854276
0.974868591204039 1.01364874199999 1.2774639150409
0.987447540767962 1.02262813961839 1.28694166336665
1.00002649033189 1.03165629428007 1.29648640821146
1.01260543989581 1.04073194353036 1.30609645780807
1.02518438945973 1.04985382875584 1.31577011421679
1.03776333902365 1.05902069518441 1.32550567361193
1.05034228858758 1.06823129188522 1.33530142656864
1.0629212381515 1.07748437176868 1.34515565834972
1.07550018771542 1.0867786915865 1.35506664919274
1.08807913727935 1.09611301193165 1.3650326745971
1.10065808684327 1.10548609723838 1.37505200561121
1.11323703640719 1.1148967157822 1.38512290911962
1.12581598597112 1.1243436396799 1.3952436481301
1.13839493553504 1.13382564488956 1.40541248206062
1.15097388509896 1.14334151121051 1.41562766702622
1.16355283466289 1.15289002228336 1.42588745612558
1.17613178422681 1.16246996559001 1.43619009972749
1.18871073379073 1.1720801324536 1.44653384575692
1.20128968335465 1.18171931803858 1.45691693998081
1.21386863291858 1.19138632135065 1.46733762629354
1.2264475824825 1.2010799452368 1.47779414700183
1.23902653204642 1.21079899638527 1.48828474310938
1.25160548161035 1.22054228532559 1.4988076546008
1.26418443117427 1.23030862642857 1.50936112072515
1.27676338073819 1.24009683790628 1.51994338027879
1.28934233030212 1.24990574181206 1.53055267188765
1.30192127986604 1.25973416404055 1.54118723428874
1.31450022942996 1.26958093432763 1.55184530661104
1.32707917899389 1.27944488625047 1.56252512865554
1.33965812855781 1.28932485722752 1.57322494117447
1.35223707812173 1.29921968851849 1.58394298614977
1.36481602768566 1.30912822522437 1.59467750707054
1.37739497724958 1.31904931628742 1.6054267492096
1.3899739268135 1.32898181449118 1.61618895989914
1.40255287637742 1.33892457646046 1.62696238880524
1.41513182594135 1.34887646266135 1.63774528820137
1.42771077550527 1.35883633740119 1.64853591324083
1.44028972506919 1.36880306882862 1.65933252222797
1.45286867463312 1.37877552893355 1.67013337688829
1.46544762419704 1.38875259354714 1.68093674263727
1.47802657376096 1.39873314234186 1.69174088884798
1.49060552332489 1.40871605883142 1.70254408911731
1.50318447288881 1.41870023037083 1.71334462153098
1.51576342245273 1.42868454815635 1.72414076892702
1.52834237201666 1.43866790722554 1.73493081915796
1.54092132158058 1.4486492064572 1.74571306535148
1.5535002711445 1.45862734857144 1.75648580616957
1.56607922070843 1.46860124012961 1.76724734606624
1.57865817027235 1.47856979153435 1.7779959955435
1.59123711983627 1.48853191702959 1.78873007140591
1.60381606940019 1.49848653470049 1.79944789701332
1.61639501896412 1.50843256647354 1.81014780253209
1.62897396852804 1.51836893811644 1.82082812518441
1.64155291809196 1.52829457923823 1.83148720949608
1.65413186765589 1.53820842328916 1.84212340754226
1.66671081721981 1.5481094075608 1.85273507919166
1.67928976678373 1.55799647318598 1.86332059234861
1.69186871634766 1.56786856513879 1.87387832319348
1.70444766591158 1.57772463223462 1.88440665642096
1.7170266154755 1.58756362713009 1.89490398547658
1.72960556503942 1.59738450632315 1.90536871279107
1.74218451460335 1.60718623015298 1.9157992500128
1.75476346416727 1.61696776280005 1.92619401823815
1.76734241373119 1.6267280722861 1.93655144823973
1.77992136329512 1.63646613047416 1.9468699806926
1.79250031285904 1.64618091306849 1.9571480663982
1.80507926242296 1.65587139961468 1.96738416650623
1.81765821198689 1.66553657349956 1.97757675273422
1.83023716155081 1.67517542195123 1.98772430758494
1.84281611111473 1.68478693603907 1.9978253245615
1.85539506067866 1.69437011067375 2.00787830838012
1.86797401024258 1.7039239446072 2.01788177518068
1.8805529598065 1.71344744043261 2.02783425273481
1.89313190937042 1.72293960458447 2.03773428065167
1.90571085893435 1.73239944733852 2.04758041058128
1.91828980849827 1.74182598281179 2.05737120641544
1.93086875806219 1.75121822896258 2.06710524448621
1.94344770762612 1.76057520759045 2.07678111376184
1.95602665719004 1.76989594433626 2.08639741604027
1.96860560675396 1.77917946868211 2.09595276614005
1.98118455631789 1.78842481395141 2.10544579208871
1.99376350588181 1.79763101730882 2.11487513530853
2.00634245544573 1.80679711976027 2.12423945079978
2.01892140500966 1.81592216615297 2.13353740732122
2.03150035457358 1.82500520517542 2.14276768756803
2.0440793041375 1.83404528935738 2.15192898834706
2.05665825370142 1.84304147506986 2.16102002074935
2.06923720326535 1.85199282252519 2.17003951032
2.08181615282927 1.86089839577694 2.17898619722521
2.09439510239319 1.86975726271997 2.18785883641667
2.10697405195712 1.87856819621578 2.19665619779313
2.11955300152104 1.8873287911557 2.20537706635913
2.13213195108496 1.89603638503702 2.21402024238105
2.14471090064889 1.90468836025934 2.22258454154015
2.15728985021281 1.91328214412457 2.23106879508298
2.16986879977673 1.92181520883697 2.23947184996872
2.18244774934066 1.93028507150308 2.24779256901378
2.19502669890458 1.93868929413179 2.25602983103347
2.2076056484685 1.94702548363431 2.2641825309807
2.22018459803243 1.95529129182414 2.27224958008188
2.23276354759635 1.96348441541715 2.28022990596977
2.24534249716027 1.97160259603147 2.28812245281339
2.2579214467242 1.97964362018761 2.29592618144506
2.27050039628812 1.98760531930835 2.30364006948433
2.28307934585204 1.99548556971882 2.311263111459
2.29565829541597 2.00328229264646 2.31879431892315
2.30823724497989 2.01099345422104 2.32623272057206
2.32081619454381 2.01861706547463 2.33357736235426
2.33339514410773 2.02615118234164 2.34082730758034
2.34597409367166 2.03359390565879 2.34798163702893
2.35855304323558 2.04094338116512 2.35503944904949
2.3711319927995 2.04819779950199 2.36199985966206
2.38371094236343 2.05535539621309 2.36886200265394
2.39628989192735 2.06241445174442 2.37562502967338
2.40886884149127 2.06937329144429 2.38228811031999
2.4214477910552 2.07623028556336 2.38885043223228
2.43402674061912 2.08298384925458 2.39531120117194
2.44660569018304 2.08963244257324 2.40166964110508
2.45918463974697 2.09617457047694 2.40792499428034
2.47176358931089 2.1026087828256 2.41407652130395
2.48434253887481 2.10893367438147 2.42012350121154
2.49692148843873 2.11514788480911 2.42606523153697
2.50950043800266 2.1212500986754 2.43190102837794
2.52207938756658 2.12723904544954 2.4376302264585
2.5346583371305 2.13311349950306 2.44325217918845
2.54723728669443 2.1388722801098 2.4487662587196
2.55981623625835 2.14451425144593 2.45417185599886
2.57239518582227 2.15003832258992 2.45946838081823
2.5849741353862 2.15544344752258 2.46465526186167
2.59755308495012 2.16072862512704 2.46973194674881
2.61013203451404 2.16589289918873 2.47469790207554
2.62271098407797 2.17093535839543 2.47955261345146
2.63528993364189 2.17585513633721 2.48429558553419
2.64786888320581 2.18065141150649 2.48892634206063
2.66044783276973 2.18532340729797 2.49344442587497
2.67302678233366 2.18987039200871 2.49784939895366
2.68560573189758 2.19429167883807 2.5021408424273
2.6981846814615 2.19858662588774 2.50631835659932
2.71076363102543 2.20275463616171 2.51038156096159
2.72334258058935 2.20679515756632 2.51433009420699
2.73592153015327 2.21070768291021 2.5181636142388
2.7485004797172 2.21449174990434 2.52188179817703
2.76107942928112 2.218146941162 2.52548434236168
2.77365837884504 2.22167288419878 2.52897096235293
2.78623732840897 2.22506925143263 2.53234139292821
2.79881627797289 2.22833576018377 2.53559538807628
2.81139522753681 2.23147217267478 2.53873272098819
2.82397417710073 2.23447829603054 2.54175318404527
2.83655312666466 2.23735398227825 2.54465658880404
2.84913207622858 2.24009912834744 2.54744276597807
2.8617110257925 2.24271367606997 2.55011156541693
2.87428997535643 2.24519761217998 2.55266285608202
2.88686892492035 2.24755096831396 2.55509652601948
2.89944787448427 2.24977382101073 2.55741248233012
2.9120268240482 2.2518662917114 2.55961065113634
2.92460577361212 2.25382854675943 2.56169097754618
2.93718472317604 2.25566079740057 2.56365342561431
2.94976367273997 2.25736329978292 2.56549797830022
2.96234262230389 2.25893635495687 2.5672246374234
2.97492157186781 2.26038030887516 2.56883342361567
2.98750052143173 2.26169555239283 2.57032437627065
3.00007947099566 2.26288252126725 2.57169755349028
3.01265842055958 2.2639416961581 2.57295303202858
3.0252373701235 2.26487360262739 2.57409090723252
3.03781631968743 2.26567881113944 2.57511129298005
3.05039526925135 2.2663579370609 2.57601432161545
3.06297421881527 2.26691164066074 2.57680014388171
3.0755531683792 2.26734062711025 2.57746892885031
3.08813211794312 2.26764564648302 2.57802086384813
3.10071106750704 2.267827493755 2.57845615438173
3.11329001707097 2.26788700880441 2.57877502405884
3.12586896663489 2.26782507641184 2.5789777145072
3.13844791619881 2.26764262626016 2.57906448529071
3.15102686576273 2.26734063293458 2.57903561382293
3.16360581532666 2.26692011592264 2.57889139527798
3.17618476489058 2.26638213961418 2.57863214249877
3.1887637144545 2.26572781330136 2.57825818590269
3.20134266401843 2.26495829117867 2.57776987338469
3.21392161358235 2.26407477234292 2.57716757021788
3.22650056314627 2.26307850079323 2.57645165895152
3.2390795127102 2.26197076543107 2.57562253930661
3.25165846227412 2.26075290006018 2.57468062806886
3.26423741183804 2.25942628338666 2.57362635897937
3.27681636140197 2.25799233901892 2.57246018262276
3.28939531096589 2.25645253546768 2.57118256631293
3.30197426052981 2.254808386146 2.56979399397647
3.31455321009373 2.25306144936923 2.56829496603362
3.32713215965766 2.25121332835507 2.56668599927701
3.33971110922158 2.24926567122353 2.56496762674801
3.3522900587855 2.24722017099693 2.56314039761086
3.36486900834943 2.24507856559993 2.56120487702444
3.37744795791335 2.24284263785948 2.55916164601194
3.39002690747727 2.24051421550489 2.55701130132823
3.4026058570412 2.23809517116775 2.55475445532512
3.41518480660512 2.23558742238199 2.55239173581436
3.42776375616904 2.23299293158387 2.54992378592868
3.44034270573297 2.23031370611196 2.54735126398058
3.45292165529689 2.22755179820713 2.54467484331915
3.46550060486081 2.22470930501261 2.54189521218479
3.47807955442473 2.22178836857391 2.53901307356196
3.49065850398866 2.21879117583889 2.53602914502996
3.50323745355258 2.21571961461592 2.53294415861164
3.5158164031165 2.21257423003328 2.52975886062038
3.52839535268043 2.20935523668813 2.52647401150497
3.54097430224435 2.20606285983446 2.52309038569279
3.55355325180827 2.20269733538312 2.51960877143102
3.5661322013722 2.19925890990182 2.51602997062616
3.57871115093612 2.1957478406151 2.51235479868169
3.59129010050004 2.19216439540439 2.50858408433399
3.60386905006397 2.18850885280796 2.50471866948662
3.61644799962789 2.18478150202093 2.5007594090428
3.62902694919181 2.18098264289528 2.49670717073636
3.64160589875573 2.17711258593985 2.49256283496092
3.65418484831966 2.17317165232031 2.48832729459766
3.66676379788358 2.16916017385922 2.48400145484135
3.6793427474475 2.16507849303597 2.47958623302496
3.69192169701143 2.16092696298682 2.47508255844278
3.70450064657535 2.15670594750487 2.47049137217199
3.71707959613927 2.15241582104009 2.46581362689288
3.7296585457032 2.14805696869929 2.46105028670762
3.74223749526712 2.14362978624615 2.45620232695769
3.75481644483104 2.13913468010119 2.45127073404
3.76739539439497 2.13457206734179 2.4462565052216
3.77997434395889 2.12994237570219 2.44116064845326
3.79255329352281 2.12524604357348 2.43598418218172
3.80513224308674 2.12048352000362 2.43072813516076
3.81771119265066 2.11565526469739 2.42539354626113
3.83029014221458 2.11076174801646 2.41998146427927
3.84286909177851 2.10580345097933 2.41449294774503
3.85544804134243 2.10078086526137 2.4089290647282
3.86802699090635 2.09569449319481 2.40329089264414
3.88060594047028 2.09054484776871 2.39757951805824
3.8931848900342 2.08533245262901 2.39179603648961
3.90576383959812 2.08005784207849 2.38594155221363
3.91834278916204 2.07472156107679 2.38001717806375
3.93092173872597 2.0693241652404 2.37402403523236
3.94350068828989 2.06386622084268 2.36796325307085
3.95607963785381 2.05834830481383 2.36183596888878
3.96865858741774 2.0527710047409 2.35564332775249
3.98123753698166 2.04713491886782 2.3493864822827
3.99381648654558 2.04144065609534 2.34306659245167
4.00639543610951 2.0356888359811 2.33668482537955
4.01897438567343 2.02988008873957 2.33024235513011
4.03155333523735 2.02401505524208 2.32374036250595
4.04413228480128 2.01809438701682 2.31718003484305
4.0567112343652 2.01211874624883 2.31056256580489
4.06929018392912 2.00608880578002 2.30388915517602
4.08186913349304 2.00000524910913 2.29716100865514
4.09444808305697 1.99386877039176 2.29037933764787
4.10702703262089 1.98768007444039 2.28354535905901
4.11960598218481 1.98143987672433 2.27666029508449
4.13218493174874 1.97514890336975 2.26972537300306
4.14476388131266 1.96880789115968 2.26274182496755
4.15734283087658 1.96241758753399 2.25571088779603
4.16992178044051 1.95597875058942 2.24863380276263
4.18250073000443 1.94949214907957 2.24151181538827
4.19507967956835 1.94295856241487 2.23434617523115
4.20765862913228 1.93637878066264 2.22713813567719
4.2202375786962 1.92975360454702 2.21988895373038
4.23281652826012 1.92308384544902 2.21259988980299
4.24539547782404 1.91637032540652 2.20527220750591
4.25797442738797 1.90961387711422 2.19790717343889
4.27055337695189 1.9028153439237 2.19050605698087
4.28313232651581 1.8959755798434 2.1830701300804
4.29571127607974 1.88909544953859 2.17560066704616
4.30829022564366 1.88217582833142 2.16809894433767
4.32086917520758 1.87521760220087 2.16056624035608
4.33344812477151 1.86822166778281 2.15300383523535
4.34602707433543 1.86118893236992 2.14541301063346
4.35860602389935 1.85412031391177 2.13779504952412
4.37118497346328 1.84701674101477 2.13015123598861
4.3837639230272 1.8398791529422 2.1224828550081
4.39634287259112 1.83270849961416 2.11479119225626
4.40892182215504 1.82550574160764 2.10707753389234
4.42150077171897 1.81827185015647 2.09934316635464
4.43407972128289 1.81100780715135 2.09158937615451
4.44665867084681 1.8037146051398 2.08381744967079
4.45923762041074 1.79639324732622 2.07602867294487
4.47181656997466 1.78904474757188 2.06822433147625
4.48439551953858 1.78167013039487 2.06040571001872
4.49697446910251 1.77427043097015 2.05257409237717
4.50955341866643 1.76684669512955 2.0447307612051
4.52213236823035 1.75939997936172 2.03687699780274
4.53471131779428 1.7519313508122 2.02901408191601
4.5472902673582 1.74444188728338 2.02114329153608
4.55986921692212 1.73693267723447 2.01326590269988
4.57244816648604 1.72940481978157 2.00538318929128
4.58502711604997 1.72185942469764 1.99749642284324
4.59760606561389 1.71429761241246 1.98960687234071
4.61018501517781 1.70672051401269 1.98171580402451
4.62276396474174 1.69912927124184 1.97382448119615
4.63534291430566 1.69152503650027 1.96593416402352
4.64792186386958 1.68390897284521 1.9580461093477
4.66050081343351 1.67628225399073 1.95016157049065
4.67307976299743 1.66864606430775 1.94228179706407
4.68565871256135 1.66100159882406 1.93440803477922
4.69823766212528 1.65335006322429 1.92654152525793
4.7108166116892 1.64569267384995 1.91868350584469
4.72339556125312 1.63803065769937 1.91083520941988
4.73597451081704 1.63036525242776 1.90299786421427
4.74855346038097 1.62269770634718 1.8951726936246
4.76113240994489 1.61502927842654 1.88736091603048
4.77371135950881 1.6073612382916 1.87956374461257
4.78629030907274 1.599694866225 1.87178238717195
4.79886925863666 1.5920314531662 1.86401804595089
4.81144820820058 1.58437230071153 1.85627191745494
4.82402715776451 1.57671872111419 1.84854519227635
4.83660610732843 1.56907203728421 1.8408390549189
4.84918505689235 1.56143358278849 1.83315468362415
4.86176400645628 1.55380470185077 1.82549325019911
4.8743429560202 1.54618674935168 1.81785591984538
4.88692190558412 1.53858109082866 1.81024385098976
4.89950085514804 1.5309893631643 1.8026581951164
4.91207980471197 1.52341423531106 1.79510009660043
4.92465875427589 1.51585858888152 1.78757069254317
4.93723770383981 1.508325252125 1.78007111260896
4.94981665340374 1.50081699992769 1.77260247886347
4.96239560296766 1.49333655381253 1.76516590561376
4.97497455253158 1.48588658193931 1.75776249924989
4.98755350209551 1.47846969910458 1.75039335808822
5.00013245165943 1.47108846674174 1.74305957221643
5.01271140122335 1.46374539292095 1.73576222334017
5.02529035078728 1.45644293234922 1.72850238463146
5.0378693003512 1.44918348637033 1.72128112057892
5.05044824991512 1.44196940296488 1.71409948683957
5.06302719947904 1.43480297675026 1.70695853009265
5.07560614904297 1.42768644898069 1.69985928789501
5.08818509860689 1.42062200754717 1.6928027885385
5.10076404817081 1.41361178697753 1.68579005090911
5.11334299773474 1.40665786843637 1.67882208434795
5.12592194729866 1.39976227972512 1.67189988851416
5.13850089686258 1.39292699528202 1.66502445324968
5.15107984642651 1.38615393618209 1.65819675844591
5.16365879599043 1.37944497013717 1.65141777391235
5.17623774555435 1.37280191149592 1.6446884592471
5.18881669511828 1.36622652124376 1.63800976370938
5.2013956446822 1.35972050700296 1.63138262609399
5.21397459424612 1.35328552303257 1.62480797460777
5.22655354381004 1.34692317022845 1.61828672674804
5.23913249337397 1.34063499612327 1.61181978918309
5.25171144293789 1.3344224948865 1.60540805763464
5.26429039250181 1.32828710732441 1.59905241676241
5.27686934206574 1.32223022088009 1.59275374005073
5.28944829162966 1.31625316963341 1.58651288969715
5.30202724119358 1.31035723430107 1.58033071650322
5.31460619075751 1.30454364223657 1.57420805976733
5.32718514032143 1.29881356743019 1.56814574717964
5.33976408988535 1.29316813050904 1.56214459471916
5.35234303944928 1.28760839873703 1.55620540655291
5.3649219890132 1.28213538601487 1.55032897493726
5.37750093857712 1.27675005288008 1.5445160801214
5.39007988814105 1.27145330650697 1.53876749025301
5.40265883770497 1.26624600070668 1.533083961286
5.41523778726889 1.26112893592714 1.52746623689055
5.42781673683282 1.25610285925308 1.52191504836524
5.44039568639674 1.25116846440604 1.51643111455142
5.45297463596066 1.24632639174436 1.5110151417498
5.46555358552458 1.24157722826319 1.50566782363919
5.47813253508851 1.2369215075945 1.50038984119754
5.49071148465243 1.23235971000703 1.49518186262511
5.50329043421635 1.22789226240635 1.49004454327
5.51586938378028 1.22351953833482 1.48497852555573
5.5284483333442 1.21924185797162 1.47998443891131
5.54102728290812 1.21505948813273 1.47506289970333
5.55360623247205 1.21097264227093 1.47021451117043
5.56618518203597 1.2069814804758 1.46543986336002
5.57876413159989 1.20308610947373 1.46073953306723
5.59134308116382 1.19928658262793 1.45611408377617
5.60392203072774 1.19558289993838 1.4515640656034
5.61650098029166 1.19197500804189 1.44709001524374
5.62907992985558 1.18846280021208 1.44269245591833
5.64165887941951 1.18504611635936 1.43837189732497
5.65423782898343 1.18172474303094 1.43412883559075
5.66681677854735 1.17849841341085 1.42996375322696
5.67939572811128 1.17536680731992 1.42587711908626
5.6919746776752 1.17232955121577 1.42186938832224
5.70455362723912 1.16938621819286 1.41794100235111
5.71713257680305 1.16653632798241 1.4140923888158
5.72971152636697 1.16377934695247 1.41032396155235
5.74229047593089 1.1611146881079 1.40663612055845
5.75486942549482 1.15854171109035 1.40302925196448
5.76744837505874 1.15605972217828 1.39950372800665
5.78002732462266 1.15366797428695 1.39605990700251
5.79260627418659 1.15136566696844 1.39269813332876
5.80518522375051 1.14915194641162 1.38941873740128
5.81776417331443 1.14702590544216 1.38622203565748
5.83034312287835 1.14498658352256 1.38310833054095
5.84292207244228 1.14303296675209 1.38007791048828
5.8555010220062 1.14116398786686 1.37713104991828
5.86807997157012 1.13937852623975 1.37426800922339
5.88065892113405 1.13767540788048 1.37148903476331
5.89323787069797 1.13605340543554 1.36879435886101
5.90581682026189 1.13451123818825 1.36618419980088
5.91839576982582 1.13304757205872 1.36365876182916
5.93097471938974 1.13166101960387 1.36121823515664
5.94355366895366 1.13035014001744 1.35886279596354
5.95613261851759 1.12911343912994 1.35659260640664
5.96871156808151 1.12794936940872 1.35440781462866
5.98129051764543 1.12685632995791 1.35230855476982
5.99386946720935 1.12583266651845 1.35029494698159
6.00644841677328 1.12487667146809 1.34836709744269
6.0190273663372 1.12398658382139 1.34652509837724
6.03160631590112 1.12316058922971 1.34476902807509
6.04418526546505 1.1223968199812 1.34309895091436
6.05676421502897 1.12169335500083 1.34151491738611
6.06934316459289 1.12104821985037 1.34001696412116
6.08192211415682 1.12045938672841 1.33860511391909
6.09450106372074 1.11992477447031 1.33727937577933
6.10708001328466 1.11944224854826 1.33603974493444
6.11965896284859 1.11900962107126 1.33488620288541
6.13223791241251 1.1186246507851 1.33381871743915
6.14481686197643 1.11828504307238 1.33283724274802
6.15739581154035 1.1179884499525 1.33194171935148
6.16997476110428 1.11773247008167 1.33113207421974
6.1825537106682 1.1175146487529 1.33040822079957
6.19513266023212 1.11733247789601 1.32977005906203
6.20771160979605 1.11718339607762 1.32921747555235
6.22029055935997 1.11706478850116 1.32875034344174
6.23286950892389 1.11697398700686 1.32836852258125
6.24544845848782 1.11690827007176 1.3280718595576
6.25802740805174 1.11686486280969 1.327860187751
6.27060635761566 1.11684093697131 1.32773332739493
6.28318530717959 1.11683361094406 1.32769108563786
