----------------------------------------------------------------------------------------------------
----------------------------------------------------------------------------------------------------
Evaluating at points
         1          2          3          4          5          6          7          8          9 
----------------------------------------------------------------------------------------------------
Hamiltonian given by

         0       -0.5          0          0          0          0          0          0          0 
      -0.5        0.5       -0.5          0          0          0          0          0          0 
         0       -0.5      0.667       -0.5          0          0          0          0          0 
         0          0       -0.5       0.75       -0.5          0          0          0          0 
         0          0          0       -0.5        0.8       -0.5          0          0          0 
         0          0          0          0       -0.5      0.833       -0.5          0          0 
         0          0          0          0          0       -0.5      0.857       -0.5          0 
         0          0          0          0          0          0       -0.5      0.875       -0.5 
         0          0          0          0          0          0          0       -0.5      0.889 
----------------------------------------------------------------------------------------------------
Computed eigenvalues
    -0.414     -0.103      0.089      0.354      0.663      0.984       1.29       1.55       1.76 
----------------------------------------------------------------------------------------------------
