0 0 0 0 
0.025025025025025 0.00238271759399992 0.000297792679629018 8.82322882792337E-05 
0.0500500500500501 0.00906559059813505 0.00113247732026595 0.000335509258821877 
0.0750750750750751 0.0194018061010343 0.00242172298930449 0.000717355487314047 
0.1001001001001 0.0328082580848566 0.00409041672216312 0.0012113935643814 
0.125125125125125 0.0487603414453483 0.00607019285913005 0.00179721477664015 
0.15015015015015 0.0667871282226217 0.00829898787962971 0.00245625617828221 
0.175175175175175 0.0864668998751353 0.0107206195169947 0.00317168378393299 
0.2002002002002 0.107423011134723 0.0132843889898102 0.00392828162357982 
0.225225225225225 0.129320062578749 0.0159447052367273 0.00471234641008665 
0.25025025025025 0.151860360553095 0.0186607300904042 0.00551158757919637 
0.275275275275275 0.174780644482883 0.0213960433730055 0.00631503247098751 
0.3003003003003 0.197849062922354 0.0241183269405511 0.00711293643050619 
0.325325325325325 0.220862380926648 0.0267990667464248 0.00789669761374772 
0.35035035035035 0.243643402481417 0.0294132720356091 0.00865877629332425 
0.375375375375375 0.266038592806098 0.031939210820766 0.00939261846603518 
0.4004004004004 0.287915886357792 0.0343581608292068 0.0100925835721638 
0.425425425425425 0.309162667309265 0.0366541751461461 0.0107538761436665 
0.45045045045045 0.329683910160582 0.0388138618144805 0.0113724812055084 
0.475475475475476 0.349400468973134 0.0408261766847293 0.0119451032612365 
0.500500500500501 0.36824750449073 0.0426822288407762 0.0124691087004853 
0.525525525525526 0.386173039138393 0.0443750979577205 0.0129424714724727 
0.550550550550551 0.403136630568646 0.0458996629775219 0.0133637218756905 
0.575575575575576 0.419108155060183 0.0472524415162758 0.0137318983199214 
0.600600600600601 0.434066692667851 0.0484314394439108 0.0140465019224254 
0.625625625625626 0.447999506578218 0.0494360101029258 0.014307453805658 
0.650650650650651 0.460901109644137 0.0502667226575094 0.0145150549691946 
0.675675675675676 0.472772411557007 0.0509252390880643 0.0146699486136632 
0.700700700700701 0.48361994056885 0.0514141993688261 0.0147730847994303 
0.725725725725726 0.493455134099997 0.051737114387967 0.0148256873275487 
0.750750750750751 0.502293692963962 0.0518982661903481 0.0148292227350682 
0.775775775775776 0.510154994310684 0.0519026151429581 0.0147853713012378 
0.800800800800801 0.517061558734476 0.0517557136421016 0.0146959999653898 
0.825825825825826 0.523038567315236 0.0514636259995985 0.014563137061411 
0.850850850850851 0.528113424662247 0.0510328541626648 0.0143889487776594 
0.875875875875876 0.532315364310523 0.0504702689388002 0.014175717255005 
0.900900900900901 0.535675093081548 0.0497830464129342 0.0139258202393412 
0.925925925925926 0.53822447126445 0.0489786092593088 0.0136417122084555 
0.950950950950951 0.539996225701481 0.0480645726651413 0.0133259068965512 
0.975975975975976 0.541023693073984 0.047048694597024 0.0129809611429935 
1.001001001001 0.541340590882988 0.0459388301543266 0.0126094599950109 
1.02602602602603 0.54098081380303 0.0447428897665754 0.0122140029971177 
1.05105105105105 0.539978253259625 0.0434688010039357 0.0117971916029541 
1.07607607607608 0.538366638240874 0.0421244737815239 0.0113616176480478 
1.1011011011011 0.536179395502716 0.0407177687493648 0.0109098528247122 
1.12612612612613 0.533449527466059 0.0392564686703914 0.0104444391028984 
1.15115115115115 0.530209506233103 0.0377482525989951 0.00996788004332414 
1.17617617617618 0.526491182270297 0.0362006726822825 0.00948263295160918 
1.2012012012012 0.522325706417037 0.0346211334154047 0.00899110182446414 
1.22622622622623 0.517743463983081 0.0330168731911159 0.00849563104120426 
1.25125125125125 0.512774019794166 0.0313949479921036 0.0079984997559997 
1.27627627627628 0.507446073134983 0.0297622170826332 0.0075019169483298 
1.3013013013013 0.501787421621982 0.0281253305636796 0.00700801709108391 
1.32632632632633 0.495824933115771 0.026490718662995 0.00651885639764888 
1.35135135135135 0.4895845248547 0.0248645826384986 0.00603640961114627 
1.37637637637638 0.483091149057741 0.0232528871799842 0.00556256730073186 
1.4014014014014 0.476368784306598 0.0216613542004446 0.00509913363155071 
1.42642642642643 0.469440432074161 0.0200954579143123 0.00464782457655393 
1.45145145145145 0.462328117819502 0.0185604211056358 0.00421026653993074 
1.47647647647648 0.455052896118716 0.0170612124946541 0.00378799536339548 
1.5015015015015 0.447634859346393 0.015602545116417 0.00338245568799329 
1.52652652652653 0.440093149464572 0.0141888756300336 0.00299500064545486 
1.55155155155155 0.432445972514984 0.0128244044818256 0.00262689185444156 
1.57657657657658 0.424710615446313 0.0115130768501302 0.00227929969827777 
1.6016016016016 0.416903464941468 0.0102585843037452 0.00195330386197176 
1.62662662662663 0.409040027940541 0.00906436711004865 0.00164989410747996 
1.65165165165165 0.401134953583426 0.00793361713266624 0.0013699712672751 
1.67667667667668 0.393202056322194 0.0068692812622064 0.00111434843733685 
1.7017017017017 0.385254339977382 0.00587406532705204 0.000883752351697749 
1.72672672672673 0.377304022534506 0.00495043843448843 0.000678824921647123 
1.75175175175175 0.369362561497509 0.00410063769557275 0.000500124923624759 
1.77677677677678 0.361440679634598 0.00332667329011755 0.000348129820724177 
1.8018018018018 0.353548390969179 0.00263033383097424 0.000223237703575441 
1.82682682682683 0.345695026884372 0.00201319198947287 0.000125769337189947 
1.85185185185185 0.337889262224155 0.00147661034640453 5.59703011264035E-05 
1.87687687687688 0.330139141287431 0.00102174743533185 1.40132110795501E-05 
1.9019019019019 0.322452103623518 0.000649563947285248 1.0702313907744E-11 
1.92692692692693 0.314835009548677 0.000360829068054266 1.39643231493189E-05 
1.95195195195195 0.307294165313466 0.000156126921321027 5.58738524762596E-05 
1.97697697697698 0.299835347859981 3.58630928096752E-05 0.000125632825646659 
2.002002002002 0.292463829116503 2.71212449127347E-07 0.000223084466486244 
2.02702702702703 0.285184399784755 4.94195732696647E-05 0.000348013493486519 
2.05205205205205 0.278001392581962 0.000183217767382423 0.00050014863389436 
2.07707707707708 0.270918704906247 0.000401423320928789 0.000679165147034389 
2.1021021021021 0.263939820899631 0.00070364831133851 0.000884687350296656 
2.12712712712713 0.2570678328881 0.00108936595160498 0.00111629114168472 
2.15215215215215 0.250305462182867 0.00155791712757767 0.00137350651325945 
2.17717717717718 0.243655079231184 0.00210851687548874 0.00165582005023235 
2.2022022022022 0.237118723108826 0.00274026078807697 0.00196267741086079 
2.22722722722723 0.230698120349748 0.00345213133875124 0.00229348578267558 
2.25225225225225 0.224394703111469 0.00424300411424997 0.00264761631093068 
2.27727727727728 0.218209626677362 0.00511165394720723 0.00302440649550653 
2.3023023023023 0.212143786299487 0.00605676094093142 0.00342316255282169 
2.32732732732733 0.206197833387631 0.00707691637954334 0.0038431617396148 
2.35235235235235 0.200372191052113 0.00817062851740867 0.00428365463574985 
2.37737737737738 0.194667069009509 0.00933632824253828 0.00474386738347334 
2.4024024024024 0.189082477861828 0.0105723746093214 0.00522300388081248 
2.42742742742743 0.18361824276091 0.0118770602366027 0.00572024792705085 
2.45245245245245 0.178274016470804 0.0132486165677188 0.00623476531845049 
2.47747747747748 0.173049291841773 0.0146852189896731 0.00676570589261023 
2.5025025025025 0.167943413710279 0.0161849918091526 0.0073122055200574 
2.52752752752753 0.162955590239884 0.0177460130835815 0.00787338804186643 
2.55255255255255 0.158084903718479 0.0193663193058576 0.00844836715228207 
2.57757757757758 0.153330320827589 0.0210439099418438 0.00903624822549919 
2.6026026026026 0.148690702399797 0.0227767518200749 0.00963613008591392 
2.62762762762763 0.144164812680447 0.0245627833735052 0.0102471067213148 
2.65265265265265 0.139751328109947 0.026399918733454 0.0108682689386264 
2.67767767767768 0.13544884564295 0.0282860516762177 0.0114987059619523 
2.7027027027027 0.131255890620716 0.0302190594230988 0.0121375069727919 
2.72772772772773 0.127170924212796 0.0321968062948653 0.0127837625924214 
2.75275275275275 0.123192350444108 0.0342171472218902 0.0134365663065415 
2.77777777777778 0.119318522823235 0.036277931111441 0.0140950158323955 
2.8028028028028 0.115547750587572 0.0383770040737862 0.0147582144286579 
2.82782782782783 0.111878304580707 0.0405122125089682 0.0154252721484805 
2.85285285285285 0.108308422777107 0.0426814060562517 0.0160953070361685 
2.87787787787788 0.104836315468908 0.0448824404084057 0.0167674462680298 
2.9029029029029 0.101460170129255 0.0471131799931085 0.0174408272380157 
2.92792792792793 0.0981781559662999 0.0493715005238802 0.0181145985888333 
2.95295295295295 0.0949884281816202 0.0516552914230519 0.0187879211892679 
2.97797797797798 0.0918891319464357 0.0539624581193714 0.0194599690585098 
3.003003003003 0.0888784061086347 0.0562909242229236 0.0201299302383276 
3.02802802802803 0.0859543866432351 0.0586386335801115 0.020797007613976 
3.05305305305305 0.0831152098585175 0.0610035522115007 0.0214604196847643 
3.07807807807808 0.0803590153696796 0.0633836701353788 0.0221194012852494 
3.1031031031031 0.0776839488514717 0.0657770030799177 0.02277320425805 
3.12812812812813 0.0750881645808825 0.068181594086859 0.0234210980793053 
3.15315315315315 0.0725698277805583 0.0705955150096624 0.0240623704378271 
3.17817817817818 0.070127116773255 0.0730168679090733 0.0246963277690174 
3.2032032032032 0.0677582249572425 0.0754437863490735 0.0253222957446412 
3.22822822822823 0.0654613626122064 0.0778744365961785 0.0259396197195584 
3.25325325325325 0.0632347585448248 0.0803070187250452 0.0265476651365343 
3.27827827827828 0.0610766615828341 0.0827397676333373 0.0271458178902568 
3.3033033033033 0.0589853419260443 0.0851709539687884 0.0277334846516971 
3.32832832832833 0.0569590923624163 0.0875988849713766 0.0283100931539541 
3.35335335335335 0.0549962293569764 0.0900219052335072 0.0288750924407303 
3.37837837837838 0.0530950940210074 0.0924383973810669 0.0294279530785824 
3.4034034034034 0.0512540529686408 0.0948467826781865 0.0299681673340957 
3.42842842842843 0.0494714990676536 0.0972455215585134 0.0304952493171225 
3.45345345345345 0.0477458520909736 0.0996331140857562 0.0310087350912262 
3.47847847847848 0.0460755592750997 0.102008100346228 0.0315081827524634 
3.5035035035035 0.044459095791357 0.10436906077607 0.0319931724776302 
3.52852852852853 0.0428949651356305 0.106714616425791 0.032463306543092 
3.55355355355355 0.0413816994419506 0.109043429164722 0.0329182093153038 
3.57857857857858 0.0399178597250483 0.111354201827925 0.0333575272141185 
3.6036036036036 0.0385020360567426 0.113645678308046 0.0337809286499692 
3.62862862862863 0.0371328476807877 0.115916643594574 0.0341881039359975 
3.65365365365365 0.0358089430705687 0.118165923762883 0.0345787651761862 
3.67867867867868 0.0345289999338165 0.120392385915403 0.0349526461305403 
3.7037037037037 0.0332917251682934 0.122594938077214 0.0353095020583451 
3.72872872872873 0.0320958547721956 0.12477252904829 0.035649109540513 
3.75375375375375 0.0309401537128205 0.126924148214573 0.0359712662820149 
3.77877877877878 0.0298234157568562 0.129048825320009 0.0362757908953737 
3.8038038038038 0.0287444632654649 0.131145630201611 0.036562522666181 
3.82882882882883 0.0277021469571625 0.133213672489561 0.0368313213015781 
3.85385385385385 0.026695345641322 0.135252101274328 0.037082066662625 
3.87887887887888 0.0257229659249739 0.137260104742684 0.0373146584814615 
3.9039039039039 0.0247839418954194 0.139236909784491 0.0375290160641449 
3.92892892892893 0.0238772347810272 0.141181781572049 0.0377250779800303 
3.95395395395395 0.0230018325924433 0.143094023113739 0.0379028017385387 
3.97897897897898 0.0221567497463116 0.144972974783665 0.0380621634541376 
4.004004004004 0.0213410266734739 0.146818013828927 0.0382031575003408 
4.02902902902903 0.0205537294134954 0.148628553856098 0.0383257961535122 
4.05405405405405 0.0197939491972496 0.150404044298461 0.0384301092272377 
4.07907907907908 0.0190608020191817 0.15214396986546 0.0385161436980118 
4.1041041041041 0.0183534282007685 0.153847849975816 0.038583963322961 
4.12912912912913 0.0176709919465904 0.155515238175675 0.0386336482503104 
4.15415415415415 0.0170126808943386 0.157145721543132 0.0386652946232764 
4.17917917917918 0.0163777056599882 0.158738920080402 0.0386790141780492 
4.2042042042042 0.0157652993792846 0.16029448609488 0.0386749338365096 
4.22922922922923 0.0151747172466081 0.161812103570279 0.0386531952943043 
4.25425425425425 0.0146052360522061 0.163291487528987 0.0386139546048833 
4.27927927927928 0.0140561537187083 0.164732383386745 0.0385573817600844 
4.3043043043043 0.013526788837773 0.166134566300697 0.0384836602678313 
4.32932932932933 0.0130164802076448 0.167497840511826 0.0383929867274891 
4.35435435435435 0.0125245863723466 0.16882203868274 0.0382855704034068 
4.37937937937938 0.0120504851631665 0.170107021231748 0.0381616327971545 
4.4044044044044 0.0115935732430478 0.171352675664099 0.0380214072189442 
4.42942942942943 0.0111532656544378 0.172558915901248 0.0378651383587076 
4.45445445445445 0.0107289953711024 0.173725681608946 0.0376930818572839 
4.47947947947948 0.010320212854367 0.174852937524932 0.0375055038781527 
4.5045045045045 0.00992638561420208 0.175940672786977 0.0373026806801329 
4.52952952952953 0.00954699777553034 0.176988900261952 0.0370848981914464 
4.55455455455455 0.00918154965009358 0.177997655876618 0.0368524515855327 
4.57957957957958 0.00882955731418311 0.17896699795075 0.0366056448589825 
4.6046046046046 0.00849055219250239 0.179897006533209 0.0363447904119409 
4.62962962962963 0.0081640806483998 0.180787782741519 0.0360702086313173 
4.65465465465465 0.00784970358067977 0.181639448105498 0.0357822274771215 
4.67967967967968 0.00754699602717273 0.182452143915447 0.0354811820722304 
4.7047047047047 0.00725554677521871 0.183226030575374 0.035167414295877 
4.72972972972973 0.00697495797919526 0.183961286961711 0.0348412723811343 
4.75475475475475 0.00670484478519792 0.18465810978794 0.0345031105166573 
4.77977977977978 0.00644483496296064 0.185316712975532 0.0341532884529287 
4.8048048048048 0.0061945685450839 0.185937327031573 0.0337921711132419 
4.82982982982983 0.00595369747362063 0.186520198433416 0.0334201282096413 
4.85485485485485 0.00572188525405281 0.187065589020694 0.0330375338640257 
4.87987987987988 0.00549880661667663 0.187573775394988 0.0326447662346106 
4.9049049049049 0.00528414718539944 0.18804504832743 0.0322422071479294 
4.92992992992993 0.00507760315393859 0.188479712174501 0.0318302417365445 
4.95495495495495 0.0048788809694003 0.188878084302262 0.0314092580826247 
4.97997997997998 0.00468769702320526 0.189240494519227 0.0309796468675376 
5.00500500500501 0.00450377734931758 0.189567284518088 0.0305418010275901 
5.03003003003003 0.00432685732972441 0.189858807326464 0.030096115416043 
5.05505505505506 0.00415668140710482 0.190115426766833 0.0296429864715139 
5.08008008008008 0.00399300280461891 0.190337516925804 0.0291828118928716 
5.10510510510511 0.00383558325274126 0.190525461632842 0.0287159903207169 
5.13013013013013 0.00368419272305603 0.190679653948574 0.0282429210255346 
5.15515515515516 0.00353860916892579 0.190800495662763 0.0277640036025907 
5.18018018018018 0.00339861827294092 0.190888396802038 0.0272796376736435 
5.20520520520521 0.00326401320105172 0.190943775147451 0.0267902225955246 
5.23023023023023 0.00313459436328163 0.19096705576191 0.0262961571756397 
5.25525525525526 0.00301016918091628 0.19095867052755 0.0257978393944309 
5.28028028028028 0.00289055186006024 0.190919057693044 0.0252956661348344 
5.30530530530531 0.00277556317145043 0.190848661430911 0.0247900329187583 
5.33033033033033 0.00266503023641327 0.190747931404796 0.0242813336506009 
5.35535535535536 0.00255878631885064 0.190617322346747 0.0237699603678203 
5.38038038038038 0.00245667062313828 0.190457293644465 0.0232563029985609 
5.40540540540541 0.00235852809781905 0.190268308938503 0.0227407491263354 
5.43043043043043 0.00226420924497278 0.190050835729406 0.0222236837617541 
5.45545545545546 0.00217356993514355 0.189805344994724 0.0217054891212897 
5.48048048048048 0.00208647122770534 0.189532310815877 0.0211865444130563 
5.50550550550551 0.00200277919654654 0.189232210014812 0.0206672256295792 
5.53053053053053 0.001922364760954 0.188905521800377 0.0201479053475251 
5.55555555555556 0.00184510352157795 0.188552727424371 0.0196289525343586 
5.58058058058058 0.00177087560135918 0.18817430984717 0.0191107323618839 
5.60560560560561 0.00169956549130086 0.187770753412872 0.0185936060266281 
5.63063063063063 0.00163106190096821 0.187342543533855 0.0180779305770181 
5.65565565565566 0.00156525761360003 0.186890166384674 0.0175640587472969 
5.68068068068068 0.0015020493457174 0.18641410860519 0.0170523387981242 
5.70570570570571 0.00144133761111603 0.185914857012841 0.0165431143637992 
5.73073073073073 0.00138302658913 0.185392898323941 0.0160367243060429 
5.75575575575576 0.00132702399705615 0.184848718883901 0.0155335025742716 
5.78078078078078 0.00127324096662985 0.184282804406263 0.0150337780722925 
5.80580580580581 0.00122159192444449 0.183695639720437 0.0145378745313451 
5.83083083083083 0.00117199447620853 0.183087708528 0.0140461103894156 
5.85585585585586 0.00112436929473598 0.182459493167465 0.0135587986767425 
5.88088088088088 0.00107864001156755 0.181811474387374 0.0130762469074336 
5.90590590590591 0.00103473311212175 0.181144131127598 0.0125987569771093 
5.93093093093093 0.000992577834277052 0.180457940308713 0.0121266250664883 
5.95595595595596 0.000952106070287951 0.179753376629325 0.0116601415508247 
5.98098098098098 0.000913252271939715 0.179030912371203 0.0111995909151107 
6.00600600600601 0.000875953358848626 0.178291017212097 0.0107452516749492 
6.03103103103103 0.00084014862981624 0.177534158046102 0.0102973963030068 
6.05605605605606 0.000805779677148272 0.176760798811428 0.00985629116095046 
6.08108108108108 0.000772790303850577 0.175971400325444 0.00942219643677283 
6.10610610610611 0.000741126443616647 0.175166420126858 0.00899536608740962 
6.13113113113113 0.000710736083522983 0.174346312324894 0.0085760477865502 
6.15615615615616 0.000681569189350612 0.173511527455321 0.00816448287754294 
6.18118118118118 0.00065357763345296 0.172662512343217 0.0077609063312957 
6.20620620620621 0.000626715125092161 0.171799709972292 0.00736554670907042 
6.23123123123123 0.000600937143167813 0.170923559360674 0.00697862613007118 
6.25625625625626 0.000576200871264042 0.170034495442981 0.00660036024372404 
6.28128128128128 0.000552465134942599 0.16913294895857 0.00623095820654663 
6.30630630630631 0.00052969034121155 0.168219346345803 0.00587062266350509 
6.33133133133133 0.000507838420100939 0.167294109642211 0.00551954973375627 
6.35635635635636 0.000486872768278594 0.166357656390405 0.00517792900067219 
6.38138138138138 0.000466758194640991 0.165410399549598 0.00484594350604415 
6.40640640640641 0.000447460867815881 0.164452747412623 0.00452376974836433 
6.43143143143143 0.000428948265515039 0.163485103528281 0.00421157768508186 
6.45645645645646 0.000411189125677224 0.162507866628912 0.00390953073873138 
6.48148148148148 0.000394153399343066 0.16152143056304 0.00361778580683231 
6.50650650650651 0.000377812205205258 0.160526184232975 0.00333649327545675 
6.53153153153153 0.000362137785778979 0.159522511537224 0.00306579703636516 
6.55655655655656 0.000347103465139088 0.158510791317604 0.00280583450760904 
6.58158158158158 0.000332683608172145 0.157491397310904 0.0025567366575003 
6.60660660660661 0.000318853581292805 0.156464698105 0.0023186280318477 
6.63163163163163 0.000305589714575637 0.155431057099266 0.00209162678436175 
6.65665665665666 0.000292869265254834 0.154390832469188 0.00187584471012944 
6.68168168168168 0.000280670382545708 0.153344377135035 0.00167138728206148 
6.70670670670671 0.000268972073743232 0.152292038734485 0.0014783536902156 
6.73173173173173 0.000257754171554249 0.151234159599073 0.0012968368838997 
6.75675675675676 0.000246997302621272 0.150171076734361 0.00112692361646025 
6.78178178178178 0.000236682857197095 0.149103121803694 0.000968694492661831 
6.80680680680681 0.000226792959930689 0.148030621115447 0.000822224018564845 
6.83183183183183 0.000217310441726066 0.146953895613643 0.000687580653809264 
6.85685685685686 0.000208218812637014 0.145873260871832 0.000564826866213716 
6.88188188188188 0.00019950223576173 0.144789027090125 0.000454019188599763 
6.90690690690691 0.000191145502102561 0.143701499095275 0.000355208277752724 
6.93193193193193 0.000183134006357117 0.142610976343701 0.000268438975431427 
6.95695695695696 0.000175453723608125 0.141517752927354 0.000193750371340288 
6.98198198198198 0.000168091186880439 0.140422117582319 0.000131175867978504 
7.00700700700701 0.000161033465534619 0.139324353700063 8.07432472822498E-05 
7.03203203203203 0.000154268144467495 0.138224739341222 4.2474738976968E-05 
7.05705705705706 0.000147783304091103 0.137123547251833 1.63870905581442E-05 
7.08208208208208 0.000141567501062302 0.136021044881929 2.49163882022502E-06 
7.10710710710711 0.000135609749736289 0.134917494406387 7.94382854542084E-07 
7.13213213213213 0.000129899504318126 0.133813152747954 1.12960584384817E-05 
7.15715715715716 0.000124426641687249 0.132708271602354 3.39922137393896E-05 
7.18218218218218 0.000119181444870744 0.1316030974654 6.88732862580334E-05 
7.20720720720721 0.000114154587142011 0.130497871662008 0.000115924680937781 
7.23223223223223 0.000109337116722208 0.129392830377053 0.000175126849366947 
7.25725725725726 0.000104720442062626 0.128288204687971 0.000246455370003156 
7.28228228228228 0.000100296317686895 0.127184220599029 0.000329881029349896 
7.30730730730731 9.60568305726381E-05 0.126081099077198 0.000425369904016716 
7.33233233233233 9.19943870528685E-05 0.124979056089534 0.000532883443596029 
7.35735735735736 8.81017002181299E-05 0.123878302642012 0.0006523785542907 
7.38238238238238 8.43717778010038E-05 0.122779044819731 0.000783807683227983 
7.40740740740741 8.07979105252582E-05 0.12168148382842 0.000927118903396808 
7.43243243243243 7.73736609025209E-05 0.120585816037177 0.00108225599914672 
7.45745745745746 7.40928524599538E-05 0.119492233022386 0.00124915855218802 
7.48248248248248 7.09495593829823E-05 0.118400921612719 0.00142776202803433 
7.50750750750751 6.79380965576908E-05 0.117312063935196 0.0016179978628297 
7.53253253253253 6.50530099980331E-05 0.116225837462206 0.00181979355050416 
7.55755755755756 6.22890676435322E-05 0.115142415059457 0.00203307273020273 
7.58258258258258 5.96412505136466E-05 0.114061965034777 0.00225775527393408 
7.60760760760761 5.71047442054704E-05 0.112984651187722 0.0024937573743869 
7.63263263263263 5.46749307219082E-05 0.111910632859923 0.00274099163286273 
7.65765765765766 5.23473806179232E-05 0.110840064986137 0.00299936714727562 
7.68268268268268 5.01178454528984E-05 0.109773098145924 0.0032687896001705 
7.70770770770771 4.79822505375819E-05 0.108709878615923 0.0035491613467129 
7.73273273273273 4.59366879644969E-05 0.107650548422663 0.00384038150260444 
7.75775775775776 4.39774099111018E-05 0.10659524539587 0.00414234603187954 
7.78278278278278 4.21008222053685E-05 0.105544103222212 0.0044549478345402 
7.80780780780781 4.03034781438233E-05 0.104497251499454 0.0047780768339866 
7.83283283283283 3.85820725524544E-05 0.103454815790958 0.00511162006420318 
7.85785785785786 3.69334360812405E-05 0.102416917680508 0.00545546175666039 
7.88288288288288 3.53545297233894E-05 0.101383674827402 0.00580948342689386 
7.90790790790791 3.38424395507044E-05 0.100355201021775 0.00617356396072399 
7.93293293293293 3.23943716568078E-05 0.099331606240128 0.0065475797000801 
7.95795795795796 3.10076473002553E-05 0.098312996701 0.00693140452839407 
7.98298298298298 2.96796982398691E-05 0.0972994749207742 0.0073249099555304 
8.00800800800801 2.84080622548991E-05 0.0962911397695655 0.00772796520221991 
8.03303303303303 2.71903788428953E-05 0.0952880865271629 0.00814043728396582 
8.05805805805806 2.60243850884377E-05 0.0942904069389947 0.00856219109439219 
8.08308308308308 2.49079116961256E-05 0.0932981892720825 0.00899308948800568 
8.10810810810811 2.38388791814709E-05 0.092311518370957 0.00943299336234221 
8.13313313313313 2.28152942135805E-05 0.0913304757135043 0.00988176173947222 
8.15815815815816 2.18352461037381E-05 0.0903551394667166 0.0103392518468383 
8.18318318318318 2.08969034342173E-05 0.0893855845423196 0.0108053191974003 
8.20820820820821 1.99985108218708E-05 0.0884218826522508 0.0112798176690645 
8.23323323323323 1.91383858112453E-05 0.0874641023639651 0.0117625995833735 
8.25825825825826 1.83149158921676E-05 0.0865123091555418 0.0122535157834356 
8.28328328328328 1.75265556369414E-05 0.0855665654705731 0.0127524157110726 
8.30830830830831 1.67718239524738E-05 0.0846269307728098 0.0132591474831657 
8.33333333333333 1.60493014428309E-05 0.0836934616005446 0.0137735579671817 
8.35835835835836 1.53576278778921E-05 0.0827662116207126 0.0142954928558599 
8.38338338338338 1.46954997639338E-05 0.0818452316826903 0.0148247967410445 
8.40840840840841 1.40616680121372E-05 0.0809305698717744 0.0153613131866442 
8.43343343343343 1.34549357011634E-05 0.0800222715623228 0.0159048848007058 
8.45845845845846 1.28741559300876E-05 0.0791203794705423 0.0164553533065856 
8.48348348348348 1.23182297581259E-05 0.0782249337069059 0.0170125596132053 
8.50850850850851 1.17861042277259E-05 0.0773359718281856 0.0175763438843812 
8.53353353353353 1.12767704677212E-05 0.076453528889086 0.0181465456072122 
8.55855855855856 1.07892618733799E-05 0.0755776374934656 0.0187230036595171 
8.58358358358358 1.0322652360296E-05 0.0747083278451323 0.01930555637631 
8.60860860860861 9.87605468919378E-06 0.0738456277982016 0.0198940416153049 
8.63363363363363 9.44861885882376E-06 0.0729895629070064 0.0204882968214395 
8.65865865865866 9.03953056424326E-06 0.0721401564755465 0.0210881590904108 
8.68368368368368 8.64800971787464E-06 0.0712974296064687 0.0216934652312146 
8.70870870870871 8.27330903083821E-06 0.0704614012495681 0.0223040518276822 
8.73373373373373 7.91471265215319E-06 0.0696320882498004 0.0229197552990083 
8.75875875875876 7.57153486349333E-06 0.0688095053947989 0.0235404119592645 
8.78378378378378 7.24311882727464E-06 0.067993665461887 0.0241658580758931 
8.80880880880881 6.92883538593852E-06 0.067184579264579 0.0247959299271783 
8.83383383383383 6.6280819103778E-06 0.0663822556985643 0.0254304638586893 
8.85885885885886 6.34028119553284E-06 0.0655867017871667 0.0260692963386945 
8.88388388388388 6.06488040126247E-06 0.0647979227262746 0.0267122640125421 
8.90890890890891 5.80135003666873E-06 0.0640159219287368 0.0273592037560076 
8.93393393393393 5.54918298612581E-06 0.0632407010682192 0.0280099527276046 
8.95895895895896 5.30789357533241E-06 0.0624722601225179 0.0286643484198603 
8.98398398398398 5.07701667577298E-06 0.0617105974163256 0.0293222287095534 
9.00900900900901 4.85610684603683E-06 0.0609557096634475 0.0299834319069166 
9.03403403403403 4.64473750850515E-06 0.0602075920084649 0.0306477968038032 
9.05905905905906 4.44250015997538E-06 0.0594662380678424 0.0313151627208195 
9.08408408408408 4.24900361484813E-06 0.0587316399704774 0.0319853695534245 
9.10910910910911 4.06387327955722E-06 0.0580037883976918 0.0326582578169993 
9.13413413413413 3.88675045697479E-06 0.0572826726226616 0.0333336686908891 
9.15915915915916 3.71729167957469E-06 0.0565682805492857 0.0340114440614198 
9.18418418418418 3.5551680701849E-06 0.0558605987504924 0.0346914265638939 
9.20920920920921 3.40006472920682E-06 0.055159612505984 0.0353734596235683 
9.23423423423423 3.25168014722367E-06 0.0544653058394184 0.0360573874956196 
9.25925925925926 3.10972564196332E-06 0.0537776615550286 0.0367430553040999 
9.28428428428428 2.97392481862226E-06 0.0530966612736815 0.0374303090798896 
9.30930930930931 2.84401305259679E-06 0.0524222854683757 0.0381189957976517 
9.33433433433433 2.7197369937062E-06 0.0517545134991795 0.0388089634117926 
9.35935935935936 2.60085409102882E-06 0.0510933236476119 0.0395000608914369 
9.38438438438438 2.48713213750744E-06 0.0504386931504665 0.0401921382544215 
9.40940940940941 2.3783488335143E-06 0.0497905982330817 0.0408850466003152 
9.43443443443443 2.27429136859843E-06 0.0491490141420583 0.0415786381424716 
9.45945945945946 2.17475602066931E-06 0.0485139151774268 0.0422727662391219 
9.48448448448448 2.07954777190097E-06 0.0478852747242687 0.042967285423515 
9.50950950950951 1.98847994066935E-06 0.0472630652837921 0.0436620514331127 
9.53453453453453 1.90137382886368E-06 0.0466472585038658 0.0443569212378472 
9.55955955955956 1.81805838393895E-06 0.046037825209016 0.0450517530674507 
9.58458458458458 1.73836987510238E-06 0.0454347354298862 0.0457464064378636 
9.60960960960961 1.66215158305134E-06 0.0448379584321673 0.0464407421767302 
9.63463463463463 1.58925350270351E-06 0.044247462744998 0.0471346224479924 
9.65965965965966 1.51953205838312E-06 0.0436632161888422 0.0478279107755876 
9.68468468468468 1.45284983094846E-06 0.0430851859028453 0.0485204720662619 
9.70970970970971 1.38907529636717E-06 0.0425133383716746 0.0492121726315077 
9.73473473473473 1.32808257526542E-06 0.0419476394518472 0.0499028802086338 
9.75975975975976 1.26975119299685E-06 0.0413880543975512 0.05059246398098 
9.78478478478478 1.21396584979514E-06 0.0408345478859616 0.0512807945972827 
9.80980980980981 1.16061620059235E-06 0.0402870840420595 0.0519677441902054 
9.83483483483483 1.10959664410179E-06 0.0397456264629553 0.0526531863940402 
9.85985985985986 1.06080612078077E-06 0.0392101382417236 0.0533369963615932 
9.88488488488488 1.01414791930432E-06 0.0386805819907524 0.0540190507802632 
9.90990990990991 9.69529491195951E-07 0.0381569198646131 0.054699227887323 
9.93493493493493 9.26862273276038E-07 0.0376391135824555 0.0553774074844164 
9.95995995995996 8.86061517602407E-07 0.0371271244499325 0.0560534709512781 
9.98498498498498 8.47046128590876E-07 0.0366209133806605 0.0567273012586897 
10.01001001001 8.09738507016482E-07 0.0361204409172201 0.0573987829806822 
10.035035035035 7.74064400608293E-07 0.0356256672517019 0.0580678023059938 
10.0600600600601 7.39952760962576E-07 0.0351365522458035 0.0587342470487967 
10.0850850850851 7.07335606510369E-07 0.0346530554504827 0.0593980066587014 
10.1101101101101 6.76147891286377E-07 0.0341751361251721 0.0600589722300513 
10.1351351351351 6.46327379256565E-07 0.0337027532565597 0.0607170365105166 
10.1601601601602 6.17814523971773E-07 0.0332358655769435 0.0613720939090007 
10.1851851851852 5.90552353324329E-07 0.0327744315821615 0.0620240405028685 
10.2102102102102 5.64486359193799E-07 0.0323184095491069 0.0626727740445086 
10.2352352352352 5.3956439177688E-07 0.0318677575528303 0.0633181939672394 
10.2602602602603 5.15736558404902E-07 0.0314224334832371 0.0639602013905719 
10.2852852852853 4.9295512666054E-07 0.0309823950613836 0.0645986991248392 
10.3103103103103 4.71174431613147E-07 0.0305475998553787 0.065233591675203 
10.3353353353353 4.5035078699958E-07 0.0301180052958963 0.0658647852450502 
10.3603603603604 4.30442400184602E-07 0.029693568691303 0.0664921877387897 
10.3853853853854 4.11409290741794E-07 0.0292742472424086 0.0671157087640599 
10.4104104104104 3.93213212502545E-07 0.0288599980568428 0.0677352596333582 
10.4354354354354 3.75817578926999E-07 0.0284507781630652 0.0683507533651055 
10.4604604604605 3.59187391656936E-07 0.0280465445240126 0.0689621046841531 
10.4854854854855 3.43289172116369E-07 0.0276472540503913 0.0695692300217463 
10.5105105105105 3.28090896031246E-07 0.0272528636136173 0.0701720475149541 
10.5355355355355 3.13561930744986E-07 0.0268633300584113 0.0707704770055755 
10.5605605605606 2.99672975211748E-07 0.0264786102150543 0.0713644400385351 
10.5855855855856 2.86396002554214E-07 0.0260986609113083 0.0719538598597764 
10.6106106106106 2.73704205077446E-07 0.0257234389840071 0.0725386614136655 
10.6356356356356 2.61571941634862E-07 0.0253529012903248 0.0731187713399155 
10.6606606606607 2.4997468724675E-07 0.0249870047187243 0.0736941179700411 
10.6856856856857 2.38888984875893E-07 0.0246257061995937 0.074264631323356 
10.7107107107107 2.28292399268881E-07 0.0242689627155742 0.0748302431025216 
10.7357357357357 2.18163472775492E-07 0.0239167313115856 0.0753908866886591 
10.7607607607608 2.08481683062238E-07 0.0235689691045546 0.0759464971360343 
10.7857857857858 1.99227402639639E-07 0.0232256332928501 0.0764970111663262 
10.8108108108108 1.90381860126212E-07 0.0228866811654326 0.0770423671624893 
10.8358358358358 1.81927103175358E-07 0.0225520701107202 0.0775825051622192 
10.8608608608609 1.73845962994454E-07 0.0222217576251789 0.0781173668510335 
10.8858858858859 1.66122020388418E-07 0.0218957013216402 0.0786468955549753 
10.9109109109109 1.58739573262865E-07 0.0215738589373522 0.0791710362329519 
10.9359359359359 1.51683605524715E-07 0.0212561883417681 0.0796897354687163 
10.960960960961 1.44939757320701E-07 0.0209426475440786 0.0802029414625036 
10.985985985986 1.38494296556772E-07 0.0206331947004912 0.080710604022329 
11.011011011011 1.32334091643764E-07 0.0203277881212622 0.0812126745549603 
11.036036036036 1.26446585417015E-07 0.0200263862774861 0.0817091060565717 
11.0610610610611 1.2081977017983E-07 0.0197289478076476 0.0821998531030901 
11.0860860860861 1.154421638228E-07 0.0194354315239387 0.0826848718402417 
11.1111111111111 1.10302786972995E-07 0.019145796418349 0.0831641199733097 
11.1361361361361 1.05391141129045E-07 0.0188600016685306 0.0836375567566105 
11.1611611611612 1.00697187739907E-07 0.0185780066434435 0.0841051429826993 
11.1861861861862 9.62113281869849E-08 0.0182997709087864 0.0845668409713121 
11.2112112112112 9.19243846309045E-08 0.0180252542322161 0.0850226145580544 
11.2362362362362 8.78275816859407E-08 0.0177544165883607 0.0854724290828442 
11.2612612612613 8.39125288866257E-08 0.0174872181636311 0.0859162513781188 
11.2862862862863 8.01712039125911E-08 0.0172236193608341 0.0863540497568134 
11.3113113113113 7.65959365391306E-08 0.0169635808035918 0.0867857940001199 
11.3363363363363 7.31793932823513E-08 0.0167070633405723 0.0872114553450339 
11.3613613613614 6.99145627091036E-08 0.0164540280495344 0.0876310064716992 
11.3863863863864 6.67947413831485E-08 0.0162044362411906 0.0880444214905561 
11.4114114114114 6.38135204202323E-08 0.015958249462894 0.0884516759293034 
11.4364364364364 6.09647726259027E-08 0.0157154295021502 0.0888527467196802 
11.4614614614615 5.82426401910148E-08 0.0154759383899612 0.089247612184076 
11.4864864864865 5.56415229209404E-08 0.0152397384040025 0.0896362520219777 
11.5115115115115 5.31560669755173E-08 0.0150067920716389 0.0900186472962585 
11.5365365365365 5.07811540977554E-08 0.0147770621727817 0.0903947804193186 
11.5615615615616 4.85118913102491E-08 0.014550511742592 0.0907646351390843 
11.5865865865866 4.63436010591516E-08 0.0143271040740323 0.0911281965248712 
11.6116116116116 4.42718117864175E-08 0.0141068027202716 0.0914854509531209 
11.6366366366366 4.22922489118529E-08 0.0138895714969462 0.0918363860930163 
11.6616616616617 4.0400826207293E-08 0.0136753744842801 0.0921809908919837 
11.6866866866867 3.85936375459909E-08 0.013464176029069 0.0925192555610868 
11.7117117117117 3.68669490110164E-08 0.01325594074653 0.0928511715603215 
11.7367367367367 3.52171913471654E-08 0.0130506335220218 0.0931767315838156 
11.7617617617618 3.36409527415367E-08 0.0128482195126371 0.0934959295449413 
11.7867867867868 3.21349719185728E-08 0.0126486641486721 0.0938087605613473 
11.8118118118118 3.06961315359702E-08 0.0124519331349743 0.0941152209399139 
11.8368368368368 2.93214518684435E-08 0.0122579924521735 0.0944153081616408 
11.8618618618619 2.80080847668909E-08 0.0120668083577981 0.0947090208664715 
11.8868868868869 2.67533078810385E-08 0.0118783473872798 0.0949963588380593 
11.9119119119119 2.55545191341565E-08 0.0116925763548496 0.0952773229884838 
11.9369369369369 2.44092314389258E-08 0.0115094623543284 0.0955519153429197 
11.961961961962 2.33150676440078E-08 0.0113289727598149 0.0958201390242664 
11.986986986987 2.22697557013145E-08 0.0111510752262727 0.0960819982377426 
12.012012012012 2.12711240444089E-08 0.0109757376900211 0.0963374982554511 
12.037037037037 2.03170971688767E-08 0.0108029283691308 0.096586645400919 
12.0620620620621 1.94056914059045E-08 0.0106326157637277 0.0968294470336196 
12.0870870870871 1.8535010880676E-08 0.0104647686562073 0.0970659115334786 
12.1121121121121 1.7703243647561E-08 0.010299356111363 0.0972960482853728 
12.1371371371371 1.69086579944157E-08 0.010136347476429 0.0975198676636223 
12.1621621621622 1.61495989086452E-08 0.00997571238104266 0.097737381016484 
12.1871871871872 1.54244846979963E-08 0.00981742073712675 0.0979486006506499 
12.2122122122122 1.47318037593499E-08 0.00966144273869482 0.0981535398157538 
12.2372372372372 1.40701114890755E-08 0.00950774886158213 0.0983522126888924 
12.2622622622623 1.3438027328787E-08 0.00935630986310411 0.0985446343591636 
12.2872872872873 1.28342319406046E-08 0.00920709678164475 0.0987308208122271 
12.3123123123123 1.22574645062824E-08 0.00906008093617698 0.0989107889148919 
12.3373373373373 1.17065201448071E-08 0.0089152339257174 0.0990845563997324 
12.3623623623624 1.1180247443303E-08 0.00877252762871734 0.0992521418497396 
12.3873873873874 1.06775460963054E-08 0.00863193420239231 0.0994135646830107 
12.4124124124124 1.01973646486757E-08 0.00849342608199196 0.0995688451374782 
12.4374374374374 9.73869833763667E-09 0.00835697598001247 0.0997180042556864 
12.4624624624625 9.30058702960442E-09 0.00822255688535333 0.0998610638696155 
12.4874874874875 8.88211324767636E-09 0.00809014206242045 0.0999980465855572 
12.5125125125125 8.48240028581873E-09 0.00795970505017746 0.100128975769047 
12.5375375375375 8.1006104059656E-09 0.00783121966114697 0.100253875529856 
12.5625625625626 7.73594311440682E-09 0.00770465998036371 0.10037277070704 
12.5875875875876 7.38763351399935E-09 0.0075800003642812 0.100485686854059 
12.6126126126126 7.05495072888687E-09 0.00745721543963363 0.100592650223962 
12.6376376376376 6.73719639855622E-09 0.00733628010225485 0.100693687754644 
12.6626626626627 6.43370323819758E-09 0.0072171695158558 0.100788827054174 
12.6876876876877 6.14383366246625E-09 0.00709985911076225 0.1008780963862 
12.7127127127127 5.86697846987094E-09 0.00698432458261435 0.100961524655436 
12.7377377377377 5.60255558513337E-09 0.00687054189102937 0.101039141393229 
12.7627627627628 5.35000885697993E-09 0.00675848725822943 0.101110976743207 
12.7877877877878 5.10880690893657E-09 0.00664813716763542 0.101177061447019 
12.8128128128128 4.87844204080362E-09 0.00653946836242868 0.101237426830157 
12.8378378378378 4.65842917858857E-09 0.00643245784408185 0.101292104787878 
12.8628628628629 4.44830487077166E-09 0.00632708287086018 0.101341127771209 
12.8878878878879 4.24762632887156E-09 0.00622332095629475 0.101384528773055 
12.9129129129129 4.05597051036708E-09 0.00612114986762876 0.101422341314402 
12.9379379379379 3.87293324211573E-09 0.00602054762423839 0.101454599430619 
12.962962962963 3.69812838249089E-09 0.00592149249602917 0.10148133765786 
12.987987987988 3.53118702053701E-09 0.00582396300180942 0.101502591019571 
13.013013013013 3.37175671051641E-09 0.00572793790764164 0.1015183950131 
13.038038038038 3.2195007402924E-09 0.00563339622517328 0.101528785596416 
13.0630630630631 3.07409743206117E-09 0.00554031720994772 0.101533799174934 
13.0880880880881 2.93523947401008E-09 0.00544868035969692 0.101533472588447 
13.1131131131131 2.80263328154197E-09 0.00535846541261645 0.101527843098177 
13.1381381381381 2.67599838676475E-09 0.00526965234562424 0.101516948373927 
13.1631631631632 2.55506685500216E-09 0.00518222137260389 0.101500826481358 
13.1881881881882 2.43958272713638E-09 0.00509615294263364 0.101479515869373 
13.2132132132132 2.3293014866448E-09 0.00501142773820189 0.101453055357622 
13.2382382382382 2.22398955024337E-09 0.00492802667341027 0.101421484124121 
13.2632632632633 2.1234237810964E-09 0.00484593089216517 0.101384841692991 
13.2882882882883 2.02739102359838E-09 0.0047651217663586 0.101343167922318 
13.3133133133133 1.93568765877667E-09 0.00468558089403923 0.101296502992131 
13.3383383383383 1.84811917940602E-09 0.00460729009757461 0.101244887392501 
13.3633633633634 1.76449978396534E-09 0.00453023142180513 0.101188361911765 
13.3883883883884 1.68465198860552E-09 0.0044543871321908 0.101126967624874 
13.4134134134134 1.60840625633334E-09 0.00437973971295137 0.101060745881856 
13.4384384384384 1.53560064265172E-09 0.00430627186520083 0.100989738296418 
13.4634634634635 1.46608045692952E-09 0.00423396650507675 0.100913986734659 
13.4884884884885 1.39969793880631E-09 0.00416280676186534 0.100833533303918 
13.5135135135135 1.33631194896784E-09 0.00409277597612289 0.100748420341745 
13.5385385385385 1.27578767365728E-09 0.00402385769779428 0.100658690404999 
13.5635635635636 1.21799634231502E-09 0.00395603568432915 0.100564386259072 
13.5885885885886 1.16281495776668E-09 0.0038892938987964 0.100465550867246 
13.6136136136136 1.11012603840444E-09 0.00382361650799775 0.100362227380169 
13.6386386386386 1.05981737183106E-09 0.0037589878805807 0.100254459125471 
13.6636636636637 1.01178177945959E-09 0.00369539258515175 0.100142289597497 
13.6886886886887 9.6591689158384E-10 0.00363281538839025 0.100025762447176 
13.7137137137137 9.2212493245607E-10 0.00357124125316351 0.0999049214720197 
13.7387387387387 8.80312514928889E-10 0.00351065533664367 0.0997798106062433 
13.7637637637638 8.40390444237714E-10 0.00345104298842682 0.099650473911025 
13.7887887887888 8.02273530518899E-10 0.00339238974865497 0.0995169555648876 
13.8138138138138 7.65880409676437E-10 0.00333468134614117 0.0993792998542134 
13.8388388388388 7.31133372227234E-10 0.0032779036964984 0.0992375511638873 
13.8638638638639 6.97958199771224E-10 0.00322204290027259 0.0990917539680689 
13.8888888888889 6.66284008748254E-10 0.00316708524108022 0.0989419528210949 
13.9139139139139 6.3604310115852E-10 0.00311301718375097 0.0987881923485101 
13.9389389389389 6.07170821937635E-10 0.00305982537247568 0.0986305172382273 
13.963963963964 5.79605422691038E-10 0.00300749662896024 0.0984689722318166 
13.988988988989 5.53287931505481E-10 0.00295601795058548 0.0983036021159228 
14.014014014014 5.28162028567802E-10 0.00290537650857373 0.0981344517138114 
14.039039039039 5.04173927333104E-10 0.00285555964616215 0.0979615658770433 
14.0640640640641 4.81272260995871E-10 0.00280655487678336 0.097784989477276 
14.0890890890891 4.59407974028415E-10 0.00275834988225348 0.0976047673981933 
14.1141141141141 4.38534218561486E-10 0.00271093251096813 0.0974209445275621 
14.1391391391391 4.18606255391836E-10 0.00266429077610648 0.0972335657494153 
14.1641641641642 3.9958135941102E-10 0.00261841285384375 0.0970426759363612 
14.1891891891892 3.81418729258853E-10 0.00257328708157239 0.0968483199420195 
14.2142142142142 3.64079401013608E-10 0.00252890195613223 0.0966505425935813 
14.2392392392392 3.47526165739384E-10 0.00248524613204981 0.0964493886844948 
14.2642642642643 3.31723490719003E-10 0.00244230841978721 0.0962449029672756 
14.2892892892893 3.16637444208416E-10 0.00240007778400046 0.0960371301464402 
14.3143143143143 3.02235623555835E-10 0.00235854334180797 0.0958261148715624 
14.3393393393393 2.88487086535791E-10 0.00231769436106893 0.0956119017304538 
14.3643643643644 2.75362285754923E-10 0.00227752025867214 0.095394535242465 
14.3893893893894 2.6283300599267E-10 0.00223801059883527 0.095174059851908 
14.4144144144144 2.50872304346096E-10 0.00219915509141476 0.0949505199216007 
14.4394394394394 2.39454453053891E-10 0.0021609435902267 0.0947239597265304 
14.4644644644645 2.28554884880105E-10 0.00212336609137857 0.0944944234476366 
14.4894894894895 2.18150140943516E-10 0.00208641273161225 0.0942619551657133 
14.5145145145145 2.08217820883541E-10 0.0020500737866583 0.0940265988554284 
14.5395395395395 1.98736535258504E-10 0.00201433966960172 0.0937883983794605 
14.5645645645646 1.89685860076642E-10 0.00197920092925926 0.0935473974827527 
14.5895895895896 1.81046293364701E-10 0.00194464824856848 0.0933036397868811 
14.6146146146146 1.72799213683166E-10 0.00191067244298856 0.0930571687845387 
14.6396396396396 1.64926840501236E-10 0.00187726445891314 0.0928080278341338 
14.6646646646647 1.57412196348505E-10 0.00184441537209508 0.0925562601545004 
14.6896896896897 1.50239070663996E-10 0.00181211638608342 0.092301908819722 
14.7147147147147 1.43391985266734E-10 0.00178035883067252 0.0920450167540672 
14.7397397397397 1.36856161375413E-10 0.00174913416036351 0.0917856267270345 
14.7647647647648 1.30617488107927E-10 0.00171843395283805 0.0915237813485087 
14.7897897897898 1.24662492394636E-10 0.00168824990744461 0.0912595230640253 
14.8148148148148 1.18978310242138E-10 0.00165857384369716 0.0909928941501427 
14.8398398398398 1.13552659287197E-10 0.00162939769978644 0.0907239367099223 
14.8648648648649 1.08373812583093E-10 0.00160071353110387 0.0904526926685144 
14.8898898898899 1.03430573563295E-10 0.00157251350877805 0.0901792037688497 
14.9149149149149 9.87122521297592E-11 0.00154478991822394 0.0899035115674346 
14.9399399399399 9.42086418155433E-11 0.00151753515770482 0.0896256574302505 
14.964964964965 8.99099979736428E-11 0.00149074173690693 0.0893456825287557 
14.98998998999 8.58070169461144E-11 0.00146440227552694 0.0890636278359882 
15.015015015015 8.18908161695878E-11 0.00143850950187213 0.0887795341227696 
15.04004004004 7.81529151752368E-11 0.00141305625147347 0.0884934419540088 
15.0650650650651 7.45852174431398E-11 0.00138803546571145 0.0882053916851035 
15.0900900900901 7.11799930727538E-11 0.00136344019045476 0.0879154234584401 
15.1151151151151 6.79298622329316E-11 0.00133926357471177 0.0876235771999905 
15.1401401401401 6.4827779356544E-11 0.00131549886929487 0.0873298926160036 
15.1651651651652 6.18670180463293E-11 0.00129213942549758 0.0870344091897923 
15.1901901901902 5.9041156660081E-11 0.0012691786937845 0.0867371661786142 
15.2152152152152 5.63440645447104E-11 0.00124661022249404 0.0864382026106443 
15.2402402402402 5.37698888900802E-11 0.00122442765655389 0.0861375572820404 
15.2652652652653 5.13130421748067E-11 0.00120262473620931 0.0858352687540984 
15.2902902902903 4.89681901774678E-11 0.00118119529576409 0.0855313753504974 
15.3153153153153 4.67302405278459E-11 0.00116013326233426 0.0852259151546338 
15.3403403403403 4.45943317739628E-11 0.00113943265461441 0.084918926007043 
15.3653653653654 4.25558229417541E-11 0.0011190875816567 0.0846104455029069 
15.3903903903904 4.06102835652604E-11 0.00109909224166248 0.0843005109896488 
15.4154154154154 3.87534841662058E-11 0.00107944092078641 0.0839891595646107 
15.4404404404404 3.69813871627771E-11 0.00106012799195315 0.083676428072816 
15.4654654654655 3.52901381883233E-11 0.00104114791368654 0.0833623531048134 
15.4904904904905 3.36760578015537E-11 0.00102249522895117 0.0830469709946037 
15.5155155155155 3.21356335706419E-11 0.00100416456400634 0.0827303178176457 
15.5405405405405 3.06655125144278E-11 0.000986150627272382 0.0824124293889425 
15.5655655655656 2.92624938846628E-11 0.000968448208209209 0.0820933412612063 
15.5905905905906 2.79235222739642E-11 0.000951052176207133 0.0817730887230998 
15.6156156156156 2.66456810348292E-11 0.000933957479489812 0.0814517067975554 
15.6406406406406 2.54261859957178E-11 0.000917159144029312 0.0811292302401683 
15.6656656656657 2.42623794608383E-11 0.000900652272473217 0.0808056935376654 
15.6906906906907 2.31517244808713E-11 0.000884432043083704 0.0804811309064465 
15.7157157157157 2.20917993824373E-11 0.000868493708688546 0.0801555762911988 
15.7407407407407 2.1080292544662E-11 0.000852832595643946 0.0798290633635823 
15.7657657657658 2.01149974117147E-11 0.000837444102809167 0.0795016255209851 
15.7907907907908 1.91938077306945E-11 0.000822323700532854 0.0791732958853494 
15.8158158158158 1.83147130047158E-11 0.000807466929651011 0.0788441073020648 
15.8408408408408 1.74757941514994E-11 0.000792869400496528 0.0785140923389289 
15.8658658658659 1.66752193582124E-11 0.000778526791920211 0.0781832832851758 
15.8908908908909 1.59112401237124E-11 0.000764434850323221 0.0778517121505678 
15.9159159159159 1.5182187479752E-11 0.000750589388700865 0.077519410664553 
15.9409409409409 1.44864683830775E-11 0.000736986285697635 0.0771864102754864 
15.965965965966 1.3822562270716E-11 0.000723621484673451 0.0768527421499126 
15.990990990991 1.31890177710957E-11 0.000710490992780992 0.0765184371719109 
16.016016016016 1.25844495639698E-11 0.000697590880054072 0.0761835259425001 
16.041041041041 1.20075353824341E-11 0.000684917278506949 0.0758480387791036 
16.0660660660661 1.14570131506275E-11 0.000672466381244498 0.0755120057150727 
16.0910910910911 1.0931678250995E-11 0.000660234441583183 0.0751754564992679 
16.1161161161161 1.0430380915265E-11 0.000648217772182698 0.0748384205956965 
16.1411411411411 9.95202373355962E-12 0.000636412744188255 0.0745009271832063 
16.1661661661662 9.49555927630372E-12 0.000624815786383375 0.074163005155234 
16.1911911911912 9.0599878238417E-12 0.00061342338435315 0.0738246831196078 
16.2162162162162 8.64435519889757E-12 0.000602232079657838 0.0734859893984024 
16.2412412412412 8.24775069723525E-12 0.000591238469016763 0.0731469520278469 
16.2662662662663 7.86930511208198E-12 0.00058043920350237 0.0728075987582828 
16.2912912912913 7.50818884808099E-12 0.000569830987744418 0.0724679570541738 
16.3163163163163 7.16361012072659E-12 0.00055941057914415 0.0721280540941631 
16.3413413413413 6.83481323742061E-12 0.000549174787098427 0.0717879167711807 
16.3663663663664 6.52107695645966E-12 0.000539120472233663 0.0714475716925974 
16.3913913913914 6.22171292043211E-12 0.000529244545649557 0.0711070451804259 
16.4164164164164 5.93606416065933E-12 0.000519543968172441 0.0707663632715675 
16.4414414414414 5.66350366947029E-12 0.000510015749618247 0.0704255517181042 
16.4664664664665 5.40343303724046E-12 0.000500656948064929 0.0700846359876339 
16.4914914914915 5.15528115126719E-12 0.000491464669134307 0.0697436412636503 
16.5165165165165 4.91850295368293E-12 0.000482436065283208 0.0694025924459637 
16.5415415415415 4.69257825573643E-12 0.000473568335103838 0.0690615141511645 
16.5665665665666 4.4770106058903E-12 0.00046485872263328 0.0687204307131268 
16.5915915915916 4.27132620930011E-12 0.000456304516672051 0.0683793661835518 
16.6166166166166 4.07507289634875E-12 0.000447903050111601 0.0680383443325514 
16.6416416416416 3.88781913801585E-12 0.000439651699270695 0.067697388649268 
16.6666666666667 3.70915310596111E-12 0.000431547883240565 0.067356522342534 
16.6916916916917 3.53868177529741E-12 0.000423589063238767 0.0670157683415665 
16.7167167167167 3.37603006811963E-12 0.000415772741971631 0.066675149296698 
16.7417417417417 3.22084003594368E-12 0.000408096463005243 0.0663346875801432 
16.7667667667668 3.07277007929238E-12 0.000400557810144843 0.0659944052867989 
16.7917917917918 2.93149420274574E-12 0.000393154406822581 0.065654324235078 
16.8168168168168 2.79670130384782E-12 0.000385883915493512 0.0653144659677765 
16.8418418418418 2.66809449433641E-12 0.000378744037039783 0.064974851752972 
16.8668668668669 2.54539045222964E-12 0.000371732510182882 0.0646355025849541 
16.8918918918919 2.42831880337134E-12 0.000364847110903899 0.0642964391851845 
16.9169169169169 2.31662153109872E-12 0.000358085651871692 0.0639576820032882 
16.9419419419419 2.21005241275772E-12 0.000351445981878882 0.0636192512180724 
16.966966966967 2.10837648184774E-12 0.000344925985285585 0.0632811667385747 
16.991991991992 2.01136951463378E-12 0.000338523581470808 0.062943448205139 
17.017017017017 1.91881754011539E-12 0.000332236724291409 0.0626061149905174 
17.042042042042 1.83051637229315E-12 0.000326063401548555 0.0622691862009999 
17.0670670670671 1.74627116372041E-12 0.000320001634461571 0.0619326806775684 
17.0920920920921 1.66589597937451E-12 0.000314049477149129 0.0615966169970764 
17.1171171171171 1.58921338992504E-12 0.000308205016117662 0.0612610134734525 
17.1421421421421 1.51605408351839E-12 0.000302466369756935 0.0609258881589278 
17.1671671671672 1.44625649523819E-12 0.000296831687842709 0.0605912588452863 
17.1921921921922 1.37966645343859E-12 0.000291299151046372 0.0602571430651372 
17.2172172172172 1.31613684218435E-12 0.000285866970451514 0.0599235580932094 
17.2422422422422 1.25552727906596E-12 0.000280533387077305 0.0595905209476665 
17.2672672672673 1.19770380769135E-12 0.000275296671408654 0.0592580483914426 
17.2922922922923 1.1425386041874E-12 0.000270155122933021 0.0589261569335981 
17.3173173173173 1.08990969707451E-12 0.000265107069683843 0.0585948628306939 
17.3423423423423 1.03970069990659E-12 0.00026015086779046 0.0582641820881847 
17.3673673673674 9.91800556096177E-13 0.000255284901034497 0.0579341304618309 
17.3923923923924 9.46103295370685E-13 0.000250507580412599 0.0576047234591265 
17.4174174174174 9.02507801331113E-13 0.000245817343705458 0.0572759763407453 
17.4424424424424 8.60917589608211E-13 0.000241212655053045 0.0569479041220024 
17.4674674674675 8.21240596134321E-13 0.000236692004535986 0.0566205215743317 
17.4924924924925 7.8338897507063E-13 0.000232253907762989 0.0562938432267789 
17.5175175175175 7.47278905950785E-13 0.000227896905464267 0.0559678833675085 
17.5425425425425 7.12830409621411E-13 0.000223619563090861 0.0556426560453255 
17.5675675675676 6.79967172579426E-13 0.00021942047041982 0.0553181750712103 
17.5925925925926 6.48616379323882E-13 0.000215298241165131 0.0549944540198663 
17.6176176176176 6.18708552357732E-13 0.000211251512594354 0.054671506231281 
17.6426426426426 5.90177399491156E-13 0.000207278945150881 0.0543493448122979 
17.6676676676677 5.62959668114193E-13 0.000203379222081745 0.054027982638201 
17.6926926926927 5.36995006121245E-13 0.00019955104907091 0.0537074323543093 
17.7177177177177 5.12225829184667E-13 0.000195793153877989 0.0533877063775827 
17.7427427427427 4.88597194088189E-13 0.000192104285982282 0.0530688168982373 
17.7677677677678 4.66056677844283E-13 0.00018848321623212 0.0527507758813706 
17.7927927927928 4.44554262331876E-13 0.000184928736499391 0.0524335950685956 
17.8178178178178 4.24042224203037E-13 0.000181439659339232 0.0521172859796839 
17.8428428428428 4.04475029818453E-13 0.000178014817654775 0.0518018599142163 
17.8678678678679 3.85809234982626E-13 0.000174653064366925 0.0514873279532418 
17.8928928928929 3.68003389259972E-13 0.000171353272089058 0.0511737009609439 
17.9179179179179 3.51017944663089E-13 0.000168114332806624 0.0508609895863133 
17.9429429429429 3.34815168513816E-13 0.000164935157561549 0.0505492042648271 
17.967967967968 3.19359060286908E-13 0.000161814676141396 0.0502383552201347 
17.992992992993 3.04615272254665E-13 0.000158751836773219 0.0499284524657487 
18.018018018018 2.90551033759249E-13 0.000155745605822038 0.0496195058067411 
18.043043043043 2.77135078947172E-13 0.00015279496749389 0.0493115248414443 
18.0680680680681 2.64337577808093E-13 0.000149898923543375 0.0490045189631572 
18.0930930930931 2.52130070367136E-13 0.000147056492985659 0.048698497361854 
18.1181181181181 2.40485403886892E-13 0.000144266711812854 0.0483934690258985 
18.1431431431431 2.29377672941738E-13 0.000141528632714729 0.0480894427437597 
18.1681681681682 2.18782162233439E-13 0.00013884132480369 0.0477864271057319 
18.1931931931932 2.08675292022862E-13 0.000136203873343969 0.0474844305056569 
18.2182182182182 1.99034566058454E-13 0.000133615379484966 0.047183461142648 
18.2432432432432 1.8983852188744E-13 0.000131074959998691 0.0468835270228163 
18.2682682682683 1.81066683441015E-13 0.000128581747021247 0.0465846359609991 
18.2932932932933 1.72699515789635E-13 0.000126134887798289 0.0462867955824881 
18.3183183183183 1.6471838196937E-13 0.000123733544434434 0.0459900133247598 
18.3433433433433 1.57105501784666E-13 0.000121376893646522 0.0456942964392059 
18.3683683683684 1.49843912497296E-13 0.000119064126520723 0.0453996519928643 
18.3933933933934 1.42917431315284E-13 0.000116794448273401 0.045106086870149 
18.4184184184184 1.36310619599608E-13 0.000114567078015699 0.0448136077745818 
18.4434434434434 1.3000874871016E-13 0.000112381248521787 0.0445222212305207 
18.4684684684685 1.23997767416075E-13 0.000110236206000733 0.0442319335848894 
18.4934934934935 1.1826427079891E-13 0.000108131209871928 0.0439427510089048 
18.5185185185185 1.12795470580467E-13 0.000106065532544029 0.043654679499803 
18.5435435435435 1.07579166810096E-13 0.000104038459197368 0.0433677248825632 
18.5685685685686 1.0260372084937E-13 0.000102049287569774 0.0430818928116308 
18.5935935935936 9.78580295947648E-14 0.00010009732774576 0.0427971887726366 
18.6186186186186 9.3331500881772E-14 9.81819019490355E-05 0.0425136180841146 
18.6436436436436 8.90140300163848E-14 9.63023443382833E-05 0.0422311858992161 
18.6686686686687 8.48959773824118E-14 9.44580008061672E-05 0.0419498972074222 
18.6936936936937 8.09681470753894E-14 9.2648228781515E-05 0.0416697568362506 
18.7187187187187 7.72217665161452E-14 9.08723970346378E-05 0.0413907694529618 
18.7437437437437 7.3648466999172E-14 8.91298854857347E-05 0.041112939566259 
18.7687687687688 7.02402651330531E-14 8.74200850163442E-05 0.0408362715279853 
18.7937937937938 6.69895451321003E-14 8.57423972837929E-05 0.0405607695348167 
18.8188188188188 6.38890419202609E-14 8.40962345386032E-05 0.0402864376299504 
18.8438438438438 6.09318250100981E-14 8.24810194448109E-05 0.0400132797047878 
18.8688688688689 5.81112831213785E-14 8.08961849031586E-05 0.0397412995006145 
18.8938938938939 5.54211095053902E-14 7.93411738771135E-05 0.0394705006102733 
18.9189189189189 5.28552879426926E-14 7.78154392216772E-05 0.0392008864798328 
18.9439439439439 5.0408079383444E-14 7.63184435149388E-05 0.0389324604102512 
18.968968968969 4.80740092008936E-14 7.48496588923388E-05 0.0386652255590331 
18.993993993994 4.58478550299399E-14 7.34085668835952E-05 0.0383991849418817 
19.019019019019 4.37246351639664E-14 7.19946582522622E-05 0.0381343414343447 
19.044044044044 4.16995974843691E-14 7.06074328378727E-05 0.0378706977734537 
19.0690690690691 3.9768208898379E-14 6.92463994006354E-05 0.0376082565593575 
19.0940940940941 3.79261452618787E-14 6.79110754686414E-05 0.0373470202569494 
19.1191191191191 3.61692817649972E-14 6.66009871875483E-05 0.0370869911974872 
19.1441441441441 3.44936837592656E-14 6.53156691727E-05 0.0368281715802065 
19.1691691691692 3.28955980060996E-14 6.40546643636519E-05 0.0365705634739278 
19.1941941941942 3.13714443272911E-14 6.28175238810583E-05 0.0363141688186554 
19.2192192192192 2.99178076390829E-14 6.16038068858935E-05 0.0360589894271701 
19.2442442442442 2.8531430352234E-14 6.04130804409657E-05 0.0358050269866139 
19.2692692692693 2.72092051212993E-14 5.92449193746944E-05 0.0355522830600674 
19.2942942942943 2.59481679271025E-14 5.80989061471121E-05 0.0353007590881195 
19.3193193193193 2.47454914771275E-14 5.69746307180619E-05 0.0350504563904298 
19.3443443443443 2.35984789092387E-14 5.58716904175519E-05 0.0348013761672823 
19.3693693693694 2.25045577848236E-14 5.47896898182404E-05 0.0345535195011321 
19.3943943943944 2.14612743580709E-14 5.37282406100127E-05 0.0343068873581429 
19.4194194194194 2.04662881087231E-14 5.26869614766233E-05 0.0340614805897174 
19.4444444444444 1.95173665262065E-14 5.16654779743681E-05 0.0338172999340183 
19.4694694694695 1.86123801336076E-14 5.06634224127585E-05 0.0335743460174822 
19.4944944944945 1.77492977404843E-14 4.96804337371637E-05 0.0333326193563233 
19.5195195195195 1.69261819140121E-14 4.87161574133943E-05 0.03309212035803 
19.5445445445445 1.61411846584383E-14 4.77702453141943E-05 0.0328528493228519 
19.5695695695696 1.53925432932854E-14 4.68423556076153E-05 0.0326148064452785 
19.5945945945946 1.46785765211743E-14 4.593215264724E-05 0.0323779918155083 
19.6196196196196 1.39976806765643E-14 4.50393068642308E-05 0.0321424054209099 
19.6446446446446 1.33483261470979E-14 4.41634946611709E-05 0.0319080471474732 
19.6696696696697 1.27290539596265E-14 4.33043983076747E-05 0.0316749167812522 
19.6946946946947 1.21384725233499E-14 4.24617058377349E-05 0.0314430140097976 
19.7197197197197 1.15752545228561E-14 4.16351109487846E-05 0.0312123384235813 
19.7447447447447 1.10381339541707E-14 4.08243129024432E-05 0.0309828895174107 
19.7697697697698 1.05259032972494E-14 4.00290164269225E-05 0.030754666691834 
19.7947947947948 1.00374108186411E-14 3.92489316210664E-05 0.0305276692545359 
19.8198198198198 9.57155799834217E-15 3.84837738599982E-05 0.0303018964217238 
19.8448448448448 9.12729707513227E-15 3.77332637023504E-05 0.0300773473195043 
19.8698698698699 8.70362870494811E-15 3.69971267990532E-05 0.0298540209852506 
19.8948948948949 8.29959972709739E-15 3.62750938036553E-05 0.0296319163689589 
19.9199199199199 7.91430103335715E-15 3.55669002841547E-05 0.0294110323345973 
19.9449449449449 7.54686553522477E-15 3.4872286636314E-05 0.0291913676614422 
19.96996996997 7.19646622481028E-15 3.41909979984388E-05 0.0289729210454073 
19.994994994995 6.86231432506253E-15 3.35227841675936E-05 0.0287556911003612 
20.02002002002 6.5436575252224E-15 3.28673995172349E-05 0.028539676359436 
20.045045045045 6.23977829758194E-15 3.22246029162362E-05 0.028324875276325 
20.0700700700701 5.94999229181106E-15 3.15941576492865E-05 0.0281112862265717 
20.0950950950951 5.67364680328223E-15 3.09758313386357E-05 0.0278989075088476 
20.1201201201201 5.41011931199046E-15 3.03693958671703E-05 0.0276877373462211 
20.1451451451451 5.15881608881904E-15 2.97746273027943E-05 0.0274777738874152 
20.1701701701702 4.91917086605375E-15 2.9191305824097E-05 0.0272690152080561 
20.1951951951952 4.69064356918771E-15 2.86192156472851E-05 0.0270614593119113 
20.2202202202202 4.47271910719737E-15 2.80581449543609E-05 0.0268551041321174 
20.2452452452452 4.26490621859742E-15 2.75078858225239E-05 0.0266499475323982 
20.2702702702703 4.06673637070824E-15 2.69682341547798E-05 0.0264459873082727 
20.2952952952953 3.87776270968529E-15 2.64389896117331E-05 0.0262432211882523 
20.3203203203203 3.69755905897443E-15 2.59199555445485E-05 0.0260416468350286 
20.3453453453453 3.52571896396273E-15 2.54109389290584E-05 0.0258412618466504 
20.3703703703704 3.36185478069847E-15 2.4911750301001E-05 0.0256420637576913 
20.3953953953954 3.2055968066502E-15 2.44222036923688E-05 0.0254440500404064 
20.4204204204204 3.05659245156948E-15 2.39421165688505E-05 0.0252472181058792 
20.4454454454454 2.91450544660962E-15 2.34713097683473E-05 0.025051565305158 
20.4704704704705 2.77901508993887E-15 2.30096074405487E-05 0.0248570889303829 
20.4954954954955 2.64981552716634E-15 2.25568369875466E-05 0.0246637862159015 
20.5205205205205 2.52661506497732E-15 2.21128290054752E-05 0.0244716543393753 
20.5455455455455 2.40913551644756E-15 2.16774172271558E-05 0.0242806904228758 
20.5705705705706 2.29711157657712E-15 2.12504384657339E-05 0.0240908915339701 
20.5955955955956 2.19029022665089E-15 2.08317325592887E-05 0.0239022546867967 
20.6206206206206 2.0884301660977E-15 2.04211423164022E-05 0.0237147768431311 
20.6456456456456 1.99130127058013E-15 2.00185134626704E-05 0.0235284549134409 
20.6706706706707 1.89868407510645E-15 1.9623694588141E-05 0.0233432857579319 
20.6956956956957 1.81036928101083E-15 1.92365370956638E-05 0.0231592661875826 
20.7207207207207 1.72615728570177E-15 1.88568951501372E-05 0.0229763929651697 
20.7457457457457 1.64585773412873E-15 1.84846256286368E-05 0.0227946628062834 
20.7707707707708 1.56928909096592E-15 1.81195880714116E-05 0.0226140723803323 
20.7957957957958 1.49627823255742E-15 1.77616446337331E-05 0.0224346183115385 
20.8208208208208 1.42666005771291E-15 1.74106600385837E-05 0.0222562971799233 
20.8458458458458 1.36027711648399E-15 1.70665015301691E-05 0.0220791055222814 
20.8708708708709 1.29697925609227E-15 1.67290388282439E-05 0.0219030398331472 
20.8958958958959 1.23662328321763E-15 1.63981440832329E-05 0.0217280965657495 
20.9209209209209 1.17907264189231E-15 1.60736918321391E-05 0.0215542721329573 
20.9459459459459 1.12419710628042E-15 1.57555589552213E-05 0.021381562908215 
20.970970970971 1.07187248765649E-15 1.54436246334324E-05 0.0212099652264691 
20.995995995996 1.02198035492747E-15 1.51377703066018E-05 0.0210394753850832 
21.021021021021 9.74407768073512E-16 1.48378796323528E-05 0.0208700896447452 
21.046046046046 9.29047023911123E-16 1.45438384457403E-05 0.0207018042303633 
21.0710710710711 8.85795413610016E-16 1.42555347195986E-05 0.0205346153319531 
21.0960960960961 8.44554991421097E-16 1.39728585255858E-05 0.020368519105515 
21.1211211211211 8.05232354098142E-16 1.36957019959143E-05 0.0202035116739016 
21.1461461461461 7.67738430519337E-16 1.3423959285755E-05 0.0200395891276759 
21.1711711711712 7.31988281037915E-16 1.31575265363045E-05 0.0198767475259598 
21.1961961961962 6.97900906112504E-16 1.28963018385041E-05 0.0197149828972732 
21.2212212212212 6.65399063788844E-16 1.26401851973992E-05 0.0195542912403638 
21.2462462462462 6.34409095623942E-16 1.23890784971279E-05 0.0193946685250267 
21.2712712712713 6.04860760662909E-16 1.21428854665304E-05 0.019236110692916 
21.2962962962963 5.76687077096403E-16 1.19015116453651E-05 0.0190786136583456 
21.3213213213213 5.49824171244034E-16 1.16648643511249E-05 0.0189221733090819 
21.3463463463463 5.24211133525165E-16 1.14328526464403E-05 0.0187667855071266 
21.3713713713714 4.99789881094431E-16 1.12053873070617E-05 0.0186124460894905 
21.3963963963964 4.76505026833949E-16 1.09823807904101E-05 0.0184591508689581 
21.4214214214214 4.54303754408539E-16 1.07637472046858E-05 0.0183068956348432 
21.4464464464464 4.33135699103818E-16 1.05494022785273E-05 0.0181556761537354 
21.4714714714715 4.12952834179835E-16 1.03392633312099E-05 0.0180054881702375 
21.4964964964965 3.93709362485444E-16 1.01332492433745E-05 0.0178563274076942 
21.5215215215215 3.75361613090152E-16 9.93128042827883E-06 0.0177081895689114 
21.5465465465465 3.57867942701613E-16 9.73327880356071E-06 0.0175610703368675 
21.5715715715716 3.41188641647448E-16 9.53916776350584E-06 0.0174149653754149 
21.5965965965966 3.25285844210463E-16 9.34887215181072E-06 0.0172698703299731 
21.6216216216216 3.10123443115904E-16 9.16231823483231E-06 0.0171257808282138 
21.6466466466466 2.95667007978846E-16 8.97943367531646E-06 0.0169826924807363 
21.6716716716717 2.81883707528516E-16 8.80014750659635E-06 0.0168406008817347 
21.6966966966967 2.68742235434957E-16 8.62439010725348E-06 0.0166995016096568 
21.7217217217217 2.56212739571357E-16 8.45209317623249E-06 0.0165593902278542 
21.7467467467467 2.44266754553215E-16 8.28318970840291E-06 0.0164202622852242 
21.7717717717718 2.32877137402687E-16 8.11761397055915E-06 0.0162821133168427 
21.7967967967968 2.22018006193625E-16 7.9553014778521E-06 0.01614493884459 
21.8218218218218 2.11664681539343E-16 7.79618897064412E-06 0.016008734377767 
21.8468468468468 2.01793630791648E-16 7.64021439178071E-06 0.0158734954137036 
21.8718718718719 1.92382414825641E-16 7.48731686427108E-06 0.0157392174383596 
21.8968968968969 1.83409637290668E-16 7.33743666937117E-06 0.0156058959269167 
21.9219219219219 1.74854896213278E-16 7.19051522506147E-06 0.0154735263443624 
21.9469469469469 1.66698737843351E-16 7.04649506491346E-06 0.0153421041460667 
21.971971971972 1.5892261263956E-16 6.90531981733727E-06 0.01521162477835 
21.996996996997 1.51508833295165E-16 6.76693418520454E-06 0.0150820836790434 
22.022022022022 1.44440534709666E-16 6.63128392583945E-06 0.0149534762780416 
22.047047047047 1.37701635816269E-16 6.49831583137191E-06 0.0148257979978473 
22.0720720720721 1.31276803179203E-16 6.36797770944622E-06 0.0146990442541082 
22.0970970970971 1.25151416278995E-16 6.24021836427945E-06 0.0145732104561469 
22.1221221221221 1.19311534407496E-16 6.11498757806291E-06 0.0144482920074818 
22.1471471471471 1.13743865098154E-16 5.9922360927012E-06 0.0143242843063421 
22.1721721721722 1.0843573402041E-16 5.87191559188261E-06 0.0142011827461743 
22.1971971971972 1.0337505627043E-16 5.75397868347525E-06 0.0140789827161412 
22.2222222222222 9.85503089934812E-17 5.63837888224306E-06 0.0139576796016142 
22.2472472472472 9.39505052762819E-17 5.52507059287631E-06 0.013837268784658 
22.2722722722723 8.95651692504922E-17 5.4140090933307E-06 0.0137177456445075 
22.2972972972973 8.53843123512414E-17 5.30515051847021E-06 0.0135991055580385 
22.3223223223223 8.13984106771688E-17 5.19845184400763E-06 0.0134813439002303 
22.3473473473473 7.75983834009592E-17 5.0938708707383E-06 0.0133644560446221 
22.3723723723724 7.39755721816765E-17 4.99136620906121E-06 0.0132484373637616 
22.3973973973974 7.05217215324925E-17 4.89089726378299E-06 0.0131332832296471 
22.4224224224224 6.7228960099517E-17 4.79242421919926E-06 0.0130189890141627 
22.4474474474474 6.40897828095206E-17 4.69590802444893E-06 0.0129055500895065 
22.4724724724725 6.10970338462613E-17 4.60131037913625E-06 0.0127929618286117 
22.4974974974975 5.82438904170221E-17 4.50859371921615E-06 0.012681219605562 
22.5225225225225 5.5523847272715E-17 4.41772120313798E-06 0.0125703187959989 
22.5475475475475 5.29307019466308E-17 4.3286566982433E-06 0.0124602547775238 
22.5725725725726 5.04585406785029E-17 4.24136476741299E-06 0.0123510229300928 
22.5975975975976 4.81017249921237E-17 4.15581065595953E-06 0.0122426186364046 
22.6226226226226 4.58548788961971E-17 4.07196027875975E-06 0.0121350372822831 
22.6476476476476 4.37128766795384E-17 3.98978020762418E-06 0.0120282742570527 
22.6726726726727 4.16708312730478E-17 3.90923765889841E-06 0.0119223249539077 
22.6976976976977 3.97240831521821E-17 3.83030048129261E-06 0.0118171847702752 
22.7227227227227 3.7868189754846E-17 3.75293714393502E-06 0.0117128491081721 
22.7477477477477 3.60989153908057E-17 3.67711672464547E-06 0.0116093133745557 
22.7727727727728 3.44122216198143E-17 3.60280889842491E-06 0.0115065729816684 
22.7977977977978 3.28042580767149E-17 3.52998392615728E-06 0.0114046233473761 
22.8228228228228 3.12713537227758E-17 3.45861264351969E-06 0.0113034598955009 
22.8478478478478 2.98100085034905E-17 3.38866645009748E-06 0.0112030780561481 
22.8728728728729 2.84168853939745E-17 3.32011729870011E-06 0.0111034732660266 
22.8978978978979 2.7088802813981E-17 3.25293768487476E-06 0.0110046409687641 
22.9229229229229 2.58227273953762E-17 3.18710063661356E-06 0.0109065766152165 
22.9479479479479 2.46157670857235E-17 3.12257970425157E-06 0.0108092756637717 
22.972972972973 2.346516457237E-17 3.05934895055152E-06 0.0107127335806471 
22.997997997998 2.23682910121674E-17 2.99738294097237E-06 0.0106169458401828 
23.023023023023 2.13226400526316E-17 2.93665673411817E-06 0.0105219079251275 
23.048048048048 2.03258221310204E-17 2.87714587236413E-06 0.0104276153269213 
23.0730730730731 1.93755590384204E-17 2.81882637265648E-06 0.0103340635459703 
23.0980980980981 1.84696787365443E-17 2.76167471748329E-06 0.0102412480919186 
23.1231231231231 1.76061104155022E-17 2.70566784601295E-06 0.010149164483913 
23.1481481481481 1.678287978136E-17 2.65078314539735E-06 0.0100578082508636 
23.1731731731732 1.59981045628119E-17 2.59699844223682E-06 0.00996717493169847 
23.1981981981982 1.52499902267951E-17 2.54429199420389E-06 0.00987726007561384 
23.2232232232232 1.45368258933382E-17 2.49264248182294E-06 0.00978805924231884 
23.2482482482482 1.38569804403956E-17 2.4420290004031E-06 0.00969956800227539 
23.2732732732733 1.32088987898376E-17 2.39243105212132E-06 0.00961178193693297 
23.2982982982983 1.25910983661865E-17 2.34382853825332E-06 0.00952469663895868 
23.3233233233233 1.20021657200699E-17 2.29620175154922E-06 0.00943830771246224 
23.3483483483483 1.14407533087422E-17 2.24953136875176E-06 0.00935261077321644 
23.3733733733734 1.09055764263735E-17 2.20379844325412E-06 0.00926760144887256 
23.3983983983984 1.03954102771518E-17 2.15898439789497E-06 0.00918327537917137 
23.4234234234234 9.90908718455732E-18 2.11507101788829E-06 0.00909962821614928 
23.4484484484484 9.44549393048596E-18 2.07204044388545E-06 0.00901665562434006 
23.4734734734735 9.00356921818443E-18 2.02987516516711E-06 0.00893435328097186 
23.4984984984985 8.58230125324481E-18 1.98855801296271E-06 0.00885271687615998 
23.5235235235235 8.18072543717003E-18 1.948072153895E-06 0.00877174211309487 
23.5485485485485 7.79792216827954E-18 1.90840108354768E-06 0.00869142470822616 
23.5735735735736 7.43301474496395E-18 1.86952862015347E-06 0.008611760391442 
23.5985985985986 7.08516736653257E-18 1.83143889840082E-06 0.00853274490624436 
23.6236236236236 6.75358322711525E-18 1.79411636335679E-06 0.00845437400991994 
23.6486486486486 6.43750269829376E-18 1.75754576450417E-06 0.00837664347370707 
23.6736736736737 6.13620159633587E-18 1.72171214989065E-06 0.00829954908295828 
23.6986986986987 5.84898953009979E-18 1.68660086038805E-06 0.00822308663729897 
23.7237237237237 5.57520832585617E-18 1.65219752405951E-06 0.00814725195078201 
23.7487487487487 5.31423052545249E-18 1.6184880506328E-06 0.00807204085203823 
23.7737737737738 5.06545795440729E-18 1.58545862607761E-06 0.00799744918442315 
23.7987987987988 4.82832035668341E-18 1.55309570728518E-06 0.0079234728061598 
23.8238238238238 4.60227409303765E-18 1.52138601684807E-06 0.00785010759047751 
23.8488488488488 4.3868008999907E-18 1.49031653793853E-06 0.00777734942574725 
23.8738738738739 4.18140670659648E-18 1.45987450928346E-06 0.00770519421561291 
23.8988988988989 3.98562050632302E-18 1.43004742023429E-06 0.0076336378791191 
23.9239239239239 3.79899328148002E-18 1.40082300592991E-06 0.00756267635083515 
23.9489489489489 3.62109697774926E-18 1.37218924255119E-06 0.00749230558097571 
23.973973973974 3.45152352648573E-18 1.34413434266501E-06 0.00742252153551749 
23.998998998999 3.28988391256758E-18 1.3166467506566E-06 0.00735332019631288 
24.024024024024 3.13580728567446E-18 1.28971513824815E-06 0.00728469756119972 
24.049049049049 2.98894011297411E-18 1.26332840010242E-06 0.007216649644108 
24.0740740740741 2.8489453712892E-18 1.23747564950955E-06 0.00714917247516288 
24.0990990990991 2.71550177690782E-18 1.21214621415572E-06 0.00708226210078461 
24.1241241241241 2.58830305128473E-18 1.18732963197192E-06 0.00701591458378508 
24.1491491491491 2.46705722096336E-18 1.16301564706165E-06 0.00695012600346112 
24.1741741741742 2.35148595012512E-18 1.13919420570577E-06 0.00688489245568454 
24.1991991991992 2.24132390424748E-18 1.11585545244334E-06 0.00682021005298927 
24.2242242242242 2.13631814342227E-18 1.09298972622683E-06 0.00675607492465502 
24.2492492492492 2.03622754395346E-18 1.07058755665049E-06 0.0066924832167882 
24.2742742742743 1.94082224691754E-18 1.04863966025041E-06 0.00662943109239963 
24.2992992992993 1.84988313243129E-18 1.02713693687497E-06 0.00656691473147932 
24.3243243243243 1.76320131842937E-18 1.00607046612444E-06 0.00650493033106826 
24.3493493493493 1.68057768281095E-18 9.85431503858293E-07 0.00644347410532749 
24.3743743743744 1.60182240786649E-18 9.65211478769162E-07 0.00638254228560396 
24.3993993993994 1.52675454594733E-18 9.45401989022031E-07 0.00632213112049399 
24.4244244244244 1.45520160538853E-18 9.25994798957548E-07 0.00626223687590363 
24.4494494494494 1.38699915574165E-18 9.0698183585825E-07 0.00620285583510643 
24.4744744744745 1.32199045141779E-18 8.88355186776481E-07 0.00614398429879841 
24.4994994994995 1.26002607288357E-18 8.70107095422924E-07 0.00608561858515057 
24.5245245245245 1.20096358459193E-18 8.52229959114536E-07 0.00602775502985847 
24.5495495495495 1.14466720886845E-18 8.34716325780866E-07 0.00597038998618953 
24.5745745745746 1.09100751500937E-18 8.17558891027571E-07 0.0059135198250276 
24.5995995995996 1.03986112288297E-18 8.0075049525616E-07 0.00585714093491508 
24.6246246246246 9.91110420358012E-19 7.84284120838811E-07 0.0058012497220925 
24.6496496496496 9.4464329391538E-19 7.68152889347333E-07 0.00574584261053588 
24.6746746746747 9.00352871828059E-19 7.52350058835173E-07 0.00569091604199137 
24.6996996996997 8.58137279324114E-19 7.36869021171538E-07 0.00563646647600783 
24.7247247247247 8.17899405173852E-19 7.21703299426609E-07 0.00558249038996691 
24.7497497497497 7.79546679168904E-19 7.06846545306932E-07 0.0055289842791109 
24.7747747747748 7.42990859985327E-19 6.92292536639997E-07 0.00547594465656828 
24.7997997997998 7.08147832946845E-19 6.78035174907139E-07 0.00542336805337721 
24.8248248248248 6.74937417226519E-19 6.64068482823786E-07 0.00537125101850656 
24.8498498498498 6.43283182047002E-19 6.50386601966241E-07 0.00531959011887507 
24.8748748748749 6.13112271459644E-19 6.36983790444042E-07 0.00526838193936826 
24.8998998998999 5.84355237302631E-19 6.23854420617127E-07 0.00521762308285328 
24.9249249249249 5.56945879956611E-19 6.10992976856877E-07 0.00516731017019162 
24.9499499499499 5.30821096534358E-19 5.98394053350288E-07 0.00511743984025008 
24.974974974975 5.05920736157651E-19 5.86052351946397E-07 0.00506800874990941 
25 4.8218746199098E-19 5.73962680044216E-07 0.00501901357407129 
