The minimised E0 in 507 iterations is -0.499975909513751
0.011 1.43210643334487E-08 0.000115757417090736 
0.0151210422676083 5.07155159985276E-08 0.000215138424483125 
0.0173274058973984 8.70619289607171E-08 0.000279999194345245 
0.0187988656767455 1.20265427538805E-07 0.000327622057972305 
0.0199367208745418 1.5178876496249E-07 0.000366793005413267 
0.0209042886635767 1.83115443053583E-07 0.00040168532146566 
0.0217781280112778 2.15330640925484E-07 0.00043443184675795 
0.0225978852013231 2.49219582849759E-07 0.00046620389363029 
0.0233855269429981 2.85374326931564E-07 0.000497680025086845 
0.0241537823249713 3.24264217314496E-07 0.000529267598331717 
0.0249102464423907 3.66279815578015E-07 0.000561216446367824 
0.0256595375614369 4.11760715375206E-07 0.000593681375961949 
0.0264044983438938 4.61013665864818E-07 0.000626758397853856 
0.0271468925452933 5.14324689406619E-07 0.000660506546653017 
0.0278878204625063 5.71967336618195E-07 0.000694961368576923 
0.0286279712685025 6.34208376474242E-07 0.000730143401432542 
0.0293677781183471 7.01311743218796E-07 0.000766063563048074 
0.030107514223349 7.73541280916964E-07 0.000802726597084772 
0.0308473526507809 8.51162651807324E-07 0.000840133284491341 
0.0315874036604416 9.34444660962682E-07 0.000878281865354567 
0.0323277380623773 1.02366017322664E-06 0.00091716895372322 
0.0330684018486681 1.11908674565882E-06 0.000956790126219607 
0.0338094253677243 1.22100706190305E-06 0.000997140300605511 
0.0345508290811299 1.32970922901891E-06 0.00103821397909073 
0.0352926271788177 1.44548697909722E-06 0.00108000540457428 
0.0360348298513717 1.568639805159E-06 0.00112250866087299 
0.0367774447199715 1.6994730518344E-06 0.00116571773694295 
0.0375204777377327 1.83829797501696E-06 0.00120962656797383 
0.0382639337591881 1.98543178029143E-06 0.00125422906164195 
0.0390078169013045 2.14119764687833E-06 0.00129951911484865 
0.0397521307734428 2.30592474172032E-06 0.0013454906243647 
0.0404968786248316 2.47994822687486E-06 0.001392137493576 
0.0412420634400397 2.66360926237157E-06 0.00143945363673795 
0.0419876880015882 2.85725500600291E-06 0.00148743298164014 
0.0427337549317277 3.06123861104481E-06 0.00153606947125825 
0.0434802667209435 3.27591922258206E-06 0.00158535706476215 
0.0442272257479496 3.50166197289445E-06 0.00163528973811588 
0.0449746342941748 3.73883797621067E-06 0.00168586148441986 
0.0457224945546389 3.98782432303673E-06 0.00173706631409123 
0.0464708086464249 4.24900407419734E-06 0.00178889825494311 
0.0472195786155148 4.52276625468324E-06 0.00184135135220189 
0.0479688064424831 4.8095058473661E-06 0.00189441966848656 
0.048718494047367 5.10962378662249E-06 0.00194809728376616 
0.0494686432939243 5.42352695189419E-06 0.00200237829530459 
0.0502192559934184 5.7516281612028E-06 0.00205725681759916 
0.0509703339080262 6.09434616463076E-06 0.00211272698231662 
0.0517218787539351 6.45210563777625E-06 0.00216878293822877 
0.0524738922041792 6.82533717518728E-06 0.00222541885114933 
0.0532263758912475 7.21447728377793E-06 0.00228262890387254 
0.053979331409494 7.61996837622884E-06 0.00234040729611413 
0.0547327603173707 8.04225876437299E-06 0.00239874824445481 
0.0554866641395016 8.48180265256779E-06 0.00245764598228622 
0.056241044368612 8.9390601310532E-06 0.00251709475975951 
0.0569959024673277 9.41449716929687E-06 0.00257708884373633 
0.0577512398698533 9.90858560932524E-06 0.00263762251774218 
0.0585070579835406 1.04218031590414E-05 0.00269869008192205 
0.0592633581903565 1.09546333855291E-05 0.00276028585299817 
0.0600201418482567 1.15075657083425E-05 0.00282240416422974 
0.0607774102924736 1.20810953927815E-05 0.00288503936537469 
0.0615351648367249 1.26757235431538E-05 0.00294818582265313 
0.0622934067743475 1.32919570960203E-05 0.00301183791871256 
0.0630521373793642 1.39303088134272E-05 0.00307599005259464 
0.0638113579074863 1.45912972761222E-05 0.00314063663970357 
0.0645710695970574 1.52754468767552E-05 0.00320577211177579 
0.0653312736699421 1.59832878130637E-05 0.00327139091685113 
0.0660919713323646 1.67153560810422E-05 0.00333748751924515 
0.0668531637756986 1.74721934680951E-05 0.00340405639952277 
0.0676148521772138 1.8254347546174E-05 0.00347109205447298 
0.0683770377007809 1.90623716648983E-05 0.0035385889970847 
0.0691397214975376 1.98968249446585E-05 0.00360654175652361 
0.0699029047065193 2.07582722697034E-05 0.00367494487810994 
0.070666588455255 2.16472842812101E-05 0.00374379292329727 
0.0714307738603331 2.25644373703364E-05 0.00381308046965215 
0.0721954620279363 2.35103136712559E-05 0.0038828021108345 
0.0729606540543491 2.44855010541756E-05 0.00395295245657889 
0.0737263510264401 2.54905931183356E-05 0.00402352613267653 
0.074492554022119 2.65261891849911E-05 0.00409451778095798 
0.0752592641107711 2.75928942903758E-05 0.00416592205927651 
0.0760264823536701 2.86913191786476E-05 0.00423773364149215 
0.0767942098043711 2.98220802948158E-05 0.00430994721745636 
0.0775624475090838 3.09857997776491E-05 0.00438255749299721 
0.0783311965070284 3.21831054525655E-05 0.00445555918990522 
0.0791004578307744 3.34146308245032E-05 0.00452894704591963 
0.0798702325065636 3.46810150707725E-05 0.00460271581471531 
0.0806405215546175 3.59829030338883E-05 0.00467686026589001 
0.0814113259894313 3.73209452143833E-05 0.00475137518495216 
0.0821826468200543 3.86957977636022E-05 0.00482625537330909 
0.0829544850503574 4.01081224764762E-05 0.00490149564825571 
0.0837268416792884 4.1558586784277E-05 0.00497709084296351 
0.084499717701117 4.3047863747352E-05 0.00505303580647002 
0.0852731141056685 4.45766320478391E-05 0.00512932540366862 
0.0860470318785466 4.61455759823612E-05 0.00520595451529868 
0.0868214720013483 4.77553854547007E-05 0.00528291803793606 
0.0875964354518681 4.94067559684537E-05 0.00536021088398399 
0.0883719232042948 5.11003886196633E-05 0.00543782798166409 
0.0891479362293991 5.2836990089433E-05 0.0055157642750079 
0.0899244754947145 5.46172726365184E-05 0.00559401472384854 
0.0907015419647097 5.64419540898993E-05 0.00567257430381273 
0.0914791366009551 5.83117578413297E-05 0.00575143800631303 
0.092257260362282 6.02274128378666E-05 0.0058306008385403 
0.0930359142049354 6.21896535743794E-05 0.00591005782345654 
0.0938150990827214 6.41992200860355E-05 0.00598980399978776 
0.0945948159471484 6.62568579407663E-05 0.00606983442201725 
0.095375065747563 6.83633182317107E-05 0.00615014416037898 
0.0961558494312806 7.05193575696377E-05 0.00623072830085118 
0.0969371679437114 7.27257380753457E-05 0.00631158194515021 
0.0977190222284813 7.49832273720419E-05 0.00639270021072451 
0.0985014132275487 7.72925985776983E-05 0.00647407823074885 
0.0992843418813167 7.96546302973862E-05 0.00655571115411862 
0.100067809128742 8.20701066155878E-05 0.00663759414544442 
0.100851815907437 8.45398170884862E-05 0.00671972238504672 
0.101636363153774 8.7064556736233E-05 0.00680209106895075 
0.102421451802981 8.96451260351923E-05 0.00688469540888145 
0.103207082789232 9.22823309101633E-05 0.00696753063225864 
0.103993257045745 9.49769827265788E-05 0.00705059198219232 
0.104779975504861 9.77298982826824E-05 0.00713387471747805 
0.105567239098136 0.000100541899801682 0.00721737411259256 
0.106355048756415 0.000103413814923877 0.00730108545768933 
0.107143405409919 0.000106346476698771 0.00738500405859448 
0.107932309988315 0.00010934072357715 0.00746912523680263 
0.108721763420795 0.000112397399403146 0.00755344432947291 
0.109511766636143 0.000115517353406271 0.00763795668942509 
0.110302320562806 0.000118701440193434 0.00772265768513588 
0.111093426128963 0.000121950519740927 0.00780754270073515 
0.111885084262587 0.00012526545738639 0.00789260713600244 
0.112677295891509 0.000128647123820757 0.00797784640636343 
0.113470061943482 0.000132096395080169 0.00806325594288663 
0.114263383346235 0.000135614152537868 0.00814883119227994 
0.115057261027534 0.000139201282896067 0.00823456761688756 
0.115851695915238 0.000142858678177796 0.00832046069468679 
0.116646688937351 0.000146587235718719 0.00840650591928498 
0.117442241022076 0.000150387858158932 0.00849269879991652 
0.118238353097867 0.000154261453434733 0.00857903486143997 
0.119035026093476 0.000158208934770368 0.00866550964433518 
0.119832260938004 0.000162231220669751 0.00875211870470051 
0.120630058560947 0.000166329234908162 0.00883885761425015 
0.121428419892242 0.00017050390652392 0.00892572196031143 
0.12222734586231 0.000174756169810022 0.00901270734582227 
0.1230268374021 0.00017908696430577 0.00909980938932862 
0.123826895443134 0.000183497234788364 0.00918702372498198 
0.124627520917543 0.00018798793126447 0.00927434600253702 
0.125428714758111 0.000192560008961765 0.00936177188734916 
0.126230477898314 0.000197214428320457 0.00944929706037231 
0.127032811272353 0.000201952154984773 0.00953691721815654 
0.127835715815199 0.00020677415979443 0.00962462807284589 
0.128639192462622 0.000211681418776071 0.00971242535217622 
0.129443242151231 0.000216674913134681 0.00980030479947305 
0.130247865818507 0.000221755629244976 0.00988826217364945 
0.131053064402834 0.000226924558642762 0.00997629324920406 
0.131858838843538 0.000232182698016274 0.010064393816219 
0.132665190080914 0.000237531049197476 0.010152559680358 
0.133472119056259 0.000242970619153352 0.0102407866628643 
0.134279626711903 0.000248502419977154 0.0103290706005589 
0.135087713991239 0.000254127468879635 0.0104174073458388 
0.135896381838752 0.000259846788180245 0.0105057927666748 
0.136705631200048 0.000265661405298308 0.0105942227466101 
0.137515463021885 0.000271572352744167 0.0106826931847581 
0.138325878252193 0.000277580668110304 0.0107711999958014 
0.139136877840112 0.00028368739406243 0.010859739109989 
0.139948462736007 0.000289893578330552 0.0109483064731358 
0.140760633891504 0.000296200273700005 0.0110368980466199 
0.141573392259508 0.000302608538002464 0.0111255098073818 
0.142386738794233 0.000309119434106924 0.0112141377479221 
0.143200674451225 0.000315734029910651 0.0113027778763006 
0.144015200187384 0.00032245339833011 0.0113914262161341 
0.144830316960991 0.000329278617291855 0.0114800788065952 
0.145646025731729 0.000336210769723407 0.0115687317024108 
0.146462327460706 0.000343250943544081 0.0116573809738605 
0.147279223110479 0.000350400231655809 0.0117460227067752 
0.148096713645076 0.000357659731933912 0.0118346530025354 
0.148914800030013 0.00036503054721786 0.0119232679780702 
0.149733483232322 0.000372513785301996 0.0120118637658554 
0.150552764220569 0.000380110558926227 0.0121004365139124 
0.151372643964874 0.000387821985766698 0.0121889823858067 
0.152193123436932 0.00039564918842642 0.0122774975606465 
0.153014203610034 0.000403593294425886 0.0123659782330814 
0.153835885459083 0.000411655436193644 0.0124544206133011 
0.154658169960619 0.000419836751056848 0.0125428209270337 
0.155481058092835 0.000428138381231777 0.0126311754155449 
0.156304550835596 0.000436561473814324 0.0127194803356363 
0.157128649170457 0.000445107180770455 0.0128077319596442 
0.157953354080683 0.000453776658926636 0.0128959265754384 
0.158778666551267 0.000462571069960238 0.0129840604864208 
0.159604587568947 0.0004714915803899 0.0130721300115241 
0.160431118122223 0.000480539361565871 0.0131601314852107 
0.161258259201377 0.000489715589660314 0.0132480612574713 
0.162086011798487 0.000499021445657589 0.0133359156938236 
0.162914376907448 0.000508458115344494 0.0134236911753112 
0.163743355523984 0.000518026789300483 0.0135113840985023 
0.164572948645669 0.000527728662887851 0.0135989908754884 
0.165403157271942 0.000537564936241887 0.0136865079338834 
0.166233982404121 0.000547536814260996 0.0137739317168218 
0.167065425045422 0.000557645506596787 0.0138612586829579 
0.167897486200975 0.00056789222764414 0.0139484853064646 
0.168730166877838 0.000578278196531226 0.014035608077032 
0.169563468085013 0.000588804637109506 0.0141226234998663 
0.170397390833462 0.000599472777943698 0.0142095280956886 
0.171231936136122 0.000610283852301703 0.0142963184007337 
0.172067105007922 0.000621239098144513 0.0143829909667489 
0.172902898465795 0.000632339758116072 0.0144695423609927 
0.173739317528694 0.000643587079533116 0.014555969166234 
0.174576363217609 0.000654982314374973 0.0146422679807503 
0.175414036555577 0.000666526719273336 0.0147284354183271 
0.176252338567703 0.000678221555501999 0.0148144681082562 
0.177091270281167 0.000690068088966564 0.0149003626953349 
0.177930832725244 0.000702067590194111 0.0149861158398648 
0.178771026931318 0.00071422133432284 0.0150717242176503 
0.179611853932893 0.000726530601091669 0.0151571845199976 
0.180453314765606 0.000738996674829819 0.0152424934537138 
0.181295410467249 0.000751620844446341 0.0153276477411051 
0.182138142077772 0.000764404403419624 0.0154126441199762 
0.182981510639305 0.000777348649786874 0.0154974793436285 
0.183825517196168 0.000790454886133542 0.0155821501808596 
0.184670162794886 0.00080372441958273 0.0156666534159616 
0.185515448484201 0.000817158561784562 0.0157509858487201 
0.186361375315087 0.000830758628905524 0.015835144294413 
0.187207944340761 0.00084452594161775 0.0159191255838089 
0.1880551566167 0.000858461825088306 0.0160029265631668 
0.188903013200652 0.00087256760896841 0.0160865440942339 
0.189751515152647 0.000886844627382631 0.0161699750542449 
0.190600663535016 0.000901294218918052 0.0162532163359208 
0.191450459412397 0.000915917726613396 0.0163362648474675 
0.192300903851754 0.000930716497948119 0.0164191175125745 
0.193151997922388 0.000945691884831463 0.0165017712704141 
0.194003742695945 0.000960845243591478 0.0165842230756394 
0.194856139246439 0.000976177934964006 0.0166664698983839 
0.195709188650255 0.000991691324081635 0.0167485087242597 
0.196562891986167 0.00100738678046261 0.0168303365543564 
0.197417250335349 0.00102326567799969 0.0169119504052398 
0.198272264781388 0.00103932939494904 0.0169933473089508 
0.199127936410299 0.00105557931391897 0.0170745243130038 
0.199984266310532 0.00107201682185875 0.0171554784803857 
0.20084125557299 0.00108864331004734 0.0172362068895545 
0.201698905291039 0.00110546017408206 0.017316706634438 
0.202557216560521 0.00112246881386726 0.0173969748244326 
0.203416190479765 0.00113967063360294 0.0174770085844017 
0.204275828149603 0.00115706704177333 0.0175568050546747 
0.20513613067338 0.00117465945113546 0.0176363613910456 
0.205997099156965 0.00119244927870763 0.0177156747647714 
0.206858734708766 0.00121043794575792 0.0177947423625713 
0.207721038439743 0.00122862687779257 0.0178735613866246 
0.208584011463416 0.00124701750454445 0.0179521290545701 
0.209447654895883 0.00126561125996136 0.0180304425995041 
0.210311969855825 0.00128440958219435 0.0181084992699795 
0.211176957464528 0.00130341391358603 0.0181862963300042 
0.212042618845887 0.00132262570065881 0.0182638310590395 
0.212908955126421 0.00134204639410307 0.0183411007519991 
0.213775967435287 0.00136167744876537 0.0184181027192474 
0.214643656904289 0.00138152032363653 0.0184948342865981 
0.215512024667894 0.00140157648183974 0.0185712927953128 
0.216381071863241 0.00142184739061862 0.0186474756020998 
0.217250799630154 0.0014423345213252 0.0187233800791121 
0.218121209111157 0.00146303934940792 0.0187990036139463 
0.218992301451481 0.0014839633543995 0.0188743436096412 
0.219864077799082 0.00150510801990491 0.0189493974846759 
0.220736539304648 0.00152647483358916 0.0190241626729688 
0.221609687121615 0.00154806528716511 0.0190986366238756 
0.222483522406178 0.00156988087638128 0.0191728168021882 
0.223358046317302 0.00159192310100951 0.0192467006881328 
0.224233260016737 0.00161419346483273 0.0193202857773688 
0.225109164669028 0.00163669347563251 0.0193935695809865 
0.225985761441527 0.00165942464517676 0.0194665496255064 
0.226863051504408 0.00168238848920722 0.019539223452877 
0.227741036030675 0.00170558652742701 0.0196115886204733 
0.228619716196179 0.00172902028348811 0.0196836427010956 
0.229499093179626 0.0017526912849788 0.0197553832829672 
0.230379168162595 0.00177660106341107 0.0198268079697332 
0.231259942329542 0.00180075115420793 0.0198979143804591 
0.232141416867821 0.00182514309669077 0.0199687001496283 
0.233023592967688 0.00184977843406658 0.0200391629271412 
0.233906471822323 0.00187465871341525 0.0201093003783132 
0.234790054627834 0.00189978548567669 0.0201791101838731 
0.235674342583272 0.00192516030563798 0.0202485900399612 
0.236559336890646 0.0019507847319205 0.0203177376581276 
0.237445038754933 0.00197666032696696 0.0203865507653308 
0.238331449384088 0.00200278865702842 0.0204550271039354 
0.239218569989064 0.00202917129215126 0.0205231644317107 
0.240106401783816 0.0020558098061641 0.0205909605218288 
0.24099494598532 0.00208270577666467 0.0206584131628629 
0.241884203813581 0.00210986078500667 0.0207255201587852 
0.242774176491649 0.00213727641628655 0.0207922793289653 
0.24366486524563 0.00216495425933025 0.0208586885081685 
0.244556271304696 0.00219289590667992 0.0209247455465533 
0.245448395901105 0.00222110295458056 0.0209904483096704 
0.246341240270206 0.00224957700296664 0.0210557946784602 
0.247234805650455 0.00227831965544867 0.0211207825492509 
0.248129093283428 0.00230733251929974 0.0211854098337569 
0.249024104413833 0.00233661720544194 0.0212496744590766 
0.249919840289525 0.00236617532843286 0.0213135743676905 
0.250816302161514 0.00239600850645194 0.0213771075174594 
0.251713491283982 0.00242611836128679 0.0214402718816219 
0.252611408914294 0.00245650651831953 0.0215030654487932 
0.253510056313014 0.00248717460651301 0.0215654862229622 
0.254409434743913 0.00251812425839698 0.0216275322234901 
0.255309545473985 0.00254935711005431 0.0216892014851082 
0.25621038977346 0.00258087480110704 0.0217504920579155 
0.257111968915817 0.00261267897470244 0.021811402007377 
0.258014284177795 0.00264477127749907 0.0218719294143215 
0.25891733683941 0.00267715335965269 0.0219320723749392 
0.259821128183965 0.00270982687480219 0.0219918290007801 
0.260725659498064 0.00274279348005547 0.0220511974187511 
0.261630932071625 0.00277605483597524 0.0221101757711145 
0.262536947197896 0.0028096126065648 0.0221687622154855 
0.263443706173463 0.00284346845925375 0.0222269549248301 
0.264351210298269 0.00287762406488371 0.0222847520874624 
0.265259460875623 0.00291208109769385 0.0223421519070433 
0.266168459212216 0.00294684123530657 0.0223991526025771 
0.267078206618135 0.00298190615871295 0.0224557524084102 
0.267988704406873 0.00301727755225825 0.0225119495742281 
0.268899953895347 0.00305295710362734 0.0225677423650533 
0.269811956403908 0.00308894650383005 0.0226231290612433 
0.270724713256357 0.00312524744718656 0.0226781079584877 
0.271638225779958 0.00316186163131257 0.0227326773678059 
0.272552495305451 0.00319879075710462 0.0227868356155451 
0.273467523167067 0.0032360365287252 0.0228405810433774 
0.27438331070254 0.00327360065358792 0.0228939120082978 
0.275299859253125 0.00331148484234254 0.0229468268826212 
0.276217170163606 0.00334969080885999 0.0229993240539805 
0.277135244782316 0.00338822027021736 0.0230514019253236 
0.278054084461145 0.00342707494668282 0.0231030589149112 
0.278973690555561 0.00346625656170043 0.0231542934563142 
0.279894064424616 0.00350576684187501 0.0232051039984109 
0.280815207430969 0.00354560751695687 0.0232554890053848 
0.281737120940893 0.00358578031982651 0.0233054469567217 
0.282659806324293 0.00362628698647928 0.0233549763472071 
0.28358326495472 0.00366712925600996 0.0234040756869238 
0.284507498209383 0.00370830887059735 0.0234527435012488 
0.285432507469169 0.0037498275754887 0.0235009783308512 
0.286358294118649 0.00379168711898418 0.0235487787316888 
0.287284859546102 0.00383388925242127 0.0235961432750059 
0.288212205143521 0.00387643573015907 0.0236430705473304 
0.289140332306636 0.00391932830956256 0.0236895591504709 
0.29006924243492 0.00396256875098685 0.0237356077015139 
0.290998936931612 0.00400615881776132 0.0237812148328214 
0.291929417203725 0.00405010027617375 0.0238263791920273 
0.292860684662066 0.00409439489545434 0.0238710994420353 
0.293792740721248 0.00413904444775972 0.0239153742610154 
0.294725586799707 0.0041840507081569 0.0239592023424016 
0.295659224319714 0.00422941545460715 0.0240025823948882 
0.296593654707395 0.0042751404679498 0.0240455131424277 
0.297528879392739 0.00432122753188605 0.0240879933242271 
0.298464899809623 0.00436767843296264 0.0241300216947453 
0.299401717395818 0.00441449496055556 0.02417159702369 
0.30033933359301 0.00446167890685358 0.0242127180960145 
0.301277749846813 0.00450923206684186 0.0242533837119149 
0.302216967606785 0.00455715623828536 0.0242935926868268 
0.303156988326445 0.00460545322171234 0.0243333438514221 
0.304097813463286 0.00465412482039764 0.0243726360516061 
0.305039444478795 0.00470317284034607 0.0244114681485143 
0.305981882838461 0.0047525990902756 0.024449839018509 
0.306925130011801 0.00480240538160056 0.0244877475531761 
0.307869187472367 0.00485259352841478 0.0245251926593223 
0.308814056697768 0.00490316534747466 0.0245621732589712 
0.309759739169681 0.00495412265818214 0.0245986882893603 
0.310706236373872 0.00500546728256771 0.024634736702938 
0.31165354980021 0.00505720104527324 0.0246703174673596 
0.312601680942681 0.00510932577353484 0.0247054295654845 
0.313550631299409 0.00516184329716561 0.0247400719953724 
0.314500402372667 0.00521475544853834 0.0247742437702803 
0.3154509956689 0.00526806406256818 0.0248079439186586 
0.316402412698734 0.00532177097669516 0.0248411714841481 
0.317354654976999 0.00537587803086679 0.024873925525576 
0.318307724022741 0.00543038706752043 0.0249062051169529 
0.319261621359243 0.00548529993156576 0.0249380093474687 
0.320216348514037 0.00554061847036704 0.0249693373214895 
0.321171907018926 0.00559634453372541 0.0250001881585538 
0.322128298409998 0.0056524799738611 0.0250305609933688 
0.32308552422764 0.00570902664539556 0.025060454975807 
0.324043586016564 0.00576598640533353 0.0250898692709021 
0.325002485325815 0.00582336111304501 0.0251188030588458 
0.325962223708792 0.00588115263024731 0.0251472555349836 
0.326922802723268 0.00593936282098681 0.0251752259098113 
0.327884223931401 0.00599799355162086 0.0252027134089711 
0.328846488899759 0.00605704669079949 0.0252297172732479 
0.329809599199332 0.0061165241094471 0.0252562367585653 
0.33077355640555 0.00617642768074405 0.0252822711359818 
0.331738362098305 0.00623675928010829 0.025307819691687 
0.332704017861964 0.00629752078517673 0.0253328817269974 
0.33367052528539 0.00635871407578676 0.0253574565583526 
0.334637885961957 0.00642034103395753 0.0253815435173115 
0.335606101489573 0.00648240354387126 0.0254051419505477 
0.336575173470693 0.00654490349185446 0.0254282512198463 
0.337545103512338 0.00660784276635904 0.025450870702099 
0.338515893226118 0.00667122325794344 0.0254729997893004 
0.339487544228244 0.00673504685925359 0.0254946378885439 
0.340460058139551 0.00679931546500385 0.0255157844220175 
0.341433436585515 0.00686403097195792 0.0255364388269993 
0.34240768119627 0.00692919527890959 0.0255566005558537 
0.34338279360663 0.00699481028666351 0.0255762690760268 
0.344358775456106 0.00706087789801581 0.0255954438700425 
0.345335628388925 0.00712740001773471 0.0256141244354978 
0.346313354054049 0.00719437855254103 0.0256323102850585 
0.347291954105194 0.00726181541108865 0.0256500009464551 
0.348271430200849 0.00732971250394485 0.0256671959624781 
0.349251784004297 0.00739807174357064 0.0256838948909736 
0.350233017183633 0.00746689504430099 0.025700097304839 
0.351215131411781 0.00753618432232496 0.0257158027920183 
0.35219812836652 0.0076059414956658 0.0257310109554977 
0.353182009730495 0.00767616848416094 0.0257457214133009 
0.354166777191246 0.00774686720944197 0.0257599337984846 
0.355152432441219 0.00781803959491446 0.0257736477591337 
0.356138977177794 0.00788968756573774 0.025786862958357 
0.357126413103299 0.00796181304880466 0.0257995790742821 
0.358114741925032 0.00803441797272119 0.0258117958000509 
0.359103965355283 0.008107504267786 0.0258235128438145 
0.360094085111352 0.00818107386596993 0.0258347299287291 
0.361085102915569 0.00825512870089538 0.0258454467929505 
0.362077020495318 0.00832967070781573 0.0258556631896292 
0.363069839583054 0.00840470182359448 0.0258653788869063 
0.364063561916325 0.00848022398668452 0.0258745936679075 
0.365058189237794 0.00855623913710719 0.0258833073307391 
0.366053723295258 0.00863274921643131 0.0258915196884821 
0.367050165841669 0.00870975616775213 0.025899230569188 
0.368047518635157 0.00878726193567018 0.0259064398158731 
0.369045783439049 0.00886526846627009 0.0259131472865139 
0.370044962021894 0.00894377770709928 0.0259193528540412 
0.371045056157478 0.00902279160714659 0.025925056406336 
0.372046067624853 0.00910231211682082 0.0259302578462233 
0.373047998208353 0.00918234118792923 0.0259349570914674 
0.374050849697618 0.00926288077365589 0.0259391540747664 
0.375054623887617 0.00934393282853999 0.025942848743747 
0.376059322578668 0.00942549930845411 0.025946041060959 
0.377064947576459 0.0095075821705823 0.0259487310038702 
0.378071500692074 0.00959018337339819 0.0259509185648605 
0.379078983742012 0.00967330487664294 0.0259526037512169 
0.380087398548213 0.00975694864130314 0.0259537865851276 
0.381096746938074 0.00984111662958861 0.0259544671036768 
0.38210703074448 0.00992581080491017 0.0259546453588389 
0.383118251805819 0.0100110331318572 0.0259543214174731 
0.384130411966012 0.0100967855761754 0.0259534953613174 
0.385143513074528 0.0101830701047439 0.0259521672869831 
0.386157556986415 0.0102698886855531 0.0259503373059492 
0.387172545562319 0.0103572432876814 0.0259480055445566 
0.388188480668508 0.0104451358812731 0.0259451721440019 
0.389205364176893 0.010533568437515 0.025941837260332 
0.390223197965058 0.0106225429286137 0.0259380010644382 
0.391241983916277 0.0107120613277724 0.02593366374205 
0.392261723919542 0.0108021256091678 0.0259288254937292 
0.393282419869585 0.0108927377479271 0.025923486534864 
0.394304073666901 0.0109838997201043 0.0259176470956632 
0.395326687217777 0.0110756135026571 0.0259113074211494 
0.39635026243431 0.0111678810734233 0.0259044677711537 
0.397374801234436 0.0112607044110973 0.0258971284203088 
0.398400305541953 0.0113540854952063 0.0258892896580434 
0.399426777286545 0.0114480263060866 0.0258809517885757 
0.400454218403808 0.0115425288248598 0.0258721151309069 
0.401482630835274 0.0116375950334087 0.0258627800188152 
0.402512016528437 0.0117332269143534 0.0258529468008492 
0.403542377436778 0.0118294264510272 0.0258426158403219 
0.404573715519788 0.0119261956274524 0.0258317875153034 
0.405606032742999 0.0120235364283156 0.0258204622186154 
0.406639331078004 0.0121214508389439 0.025808640357824 
0.407673612502484 0.0122199408452799 0.0257963223552333 
0.408708879000236 0.0123190084338573 0.0257835086478787 
0.409745132561198 0.0124186555917763 0.0257701996875204 
0.410782375181473 0.0125188843066785 0.0257563959406366 
0.41182060886336 0.0126196965667223 0.0257420978884167 
0.412859835615374 0.012721094360558 0.0257273060267545 
0.41390005745228 0.0128230796773021 0.0257120208662413 
0.414941276395111 0.0129256545065131 0.0256962429321594 
0.415983494471204 0.0130288208381653 0.0256799727644745 
0.417026713714221 0.0131325806626238 0.0256632109178292 
0.418070936164176 0.0132369359706193 0.0256459579615358 
0.419116163867466 0.013341888753222 0.0256282144795693 
0.420162398876896 0.0134474410018163 0.0256099810705604 
0.421209643251706 0.0135535947080748 0.0255912583477878 
0.422257899057601 0.0136603518639326 0.0255720469391718 
0.423307168366775 0.0137677144615612 0.0255523474872664 
0.424357453257945 0.0138756844933425 0.0255321606492521 
0.425408755816372 0.0139842639518425 0.025511487096929 
0.426461078133895 0.0140934548297852 0.0254903275167087 
0.427514422308956 0.0142032591200259 0.0254686826096074 
0.428568790446632 0.0143136788155251 0.0254465530912383 
0.429624184658659 0.0144247159093216 0.0254239396918037 
0.430680607063465 0.0145363723945058 0.0254008431560881 
0.431738059786198 0.0146486502641932 0.0253772642434497 
0.432796544958754 0.0147615515114971 0.0253532037278134 
0.433856064719808 0.0148750781295018 0.0253286623976629 
0.434916621214842 0.0149892321112352 0.0253036410560328 
0.435978216596176 0.0151040154496421 0.0252781405205005 
0.437040853022996 0.0152194301375562 0.025252161623179 
0.438104532661388 0.0153354781676732 0.0252257052107084 
0.439169257684363 0.0154521615325229 0.0251987721442482 
0.440235030271892 0.0155694822244414 0.0251713632994689 
0.441301852610932 0.0156874422355439 0.0251434795665445 
0.442369726895462 0.0158060435576962 0.0251151218501438 
0.443438655326508 0.0159252881824868 0.0250862910694224 
0.44450864011218 0.0160451781011992 0.0250569881580147 
0.445579683467697 0.016165715304783 0.0250272140640251 
0.446651787615424 0.0162869017838262 0.0249969697500202 
0.447724954784899 0.0164087395285262 0.02496625619302 
0.44879918721287 0.0165312305286616 0.0249350743844896 
0.44987448714332 0.0166543767735633 0.0249034253303308 
0.450950856827504 0.0167781802520858 0.024871310050873 
0.452028298523982 0.0169026429525781 0.0248387295808656 
0.453106814498646 0.0170277668628549 0.0248056849694682 
0.454186407024759 0.0171535539701673 0.0247721772802426 
0.455267078382982 0.0172800062611735 0.024738207591144 
0.456348830861412 0.0174071257219095 0.0247037769945115 
0.457431666755612 0.0175349143377594 0.0246688865970603 
0.458515588368646 0.017663374093426 0.0246335375198716 
0.459600598011109 0.017792506972901 0.0245977308983844 
0.460686698001167 0.0179223149594347 0.0245614678823861 
0.461773890664585 0.0180528000355068 0.0245247496360036 
0.462862178334763 0.0181839641827956 0.0244875773376939 
0.463951563352774 0.0183158093821477 0.0244499521802348 
0.465042048067392 0.0184483376135485 0.024411875370716 
0.466133634835129 0.0185815508560906 0.0243733481305293 
0.467226326020275 0.0187154510879438 0.0243343716953597 
0.468320123994924 0.0188500402863245 0.0242949473151754 
0.469415031139017 0.0189853204274641 0.0242550762542186 
0.470511049840373 0.019121293486579 0.0242147597909959 
0.471608182494727 0.0192579614378384 0.0241739992182684 
0.472706431505763 0.019395326254334 0.0241327958430425 
0.473805799285156 0.019533389908048 0.0240911509865596 
0.4749062882526 0.0196721543698217 0.0240490659842866 
0.47600790083585 0.0198116216093241 0.0240065421859058 
0.477110639470758 0.0199517935950199 0.0239635809553053 
0.47821450660131 0.0200926722941376 0.0239201836705685 
0.479319504679661 0.0202342596726375 0.0238763517239646 
0.480425636166174 0.0203765576951796 0.0238320865219379 
0.481532903529457 0.0205195683250911 0.0237873894850979 
0.482641309246402 0.0206632935243343 0.0237422620482092 
0.483750855802221 0.0208077352534735 0.0236967056601807 
0.484861545690486 0.0209528954716428 0.0236507217840557 
0.485973381413165 0.0210987761365129 0.0236043118970012 
0.487086365480663 0.0212453792042584 0.0235574774902973 
0.488200500411861 0.0213927066295243 0.023510220069327 
0.489315788734153 0.0215407603653931 0.023462541153565 
0.490432232983485 0.0216895423633513 0.0234144422765676 
0.491549835704399 0.0218390545732555 0.0233659249859612 
0.492668599450066 0.0219892989432994 0.0233169908434323 
0.493788526782333 0.0221402774199793 0.0232676414247158 
0.494909620271758 0.0222919919480604 0.0232178783195846 
0.496031882497652 0.0224444444705429 0.0231677031318382 
0.497155316048121 0.0225976369286274 0.0231171174792916 
0.498279923520104 0.0227515712616805 0.0230661229937645 
0.499405707519419 0.0229062494072005 0.0230147213210695 
0.5005326706608 0.0230616733007825 0.0229629141210013 
0.501660815567938 0.0232178448760838 0.0229107030673247 
0.502790144873529 0.0233747660647886 0.0228580898477638 
0.503920661219308 0.0235324387965729 0.0228050761639899 
0.5050523672561 0.0236908649990694 0.0227516637316105 
0.506185265643854 0.023850046597832 0.0226978542801569 
0.507319359051693 0.0240099855163001 0.0226436495530731 
0.508454650157952 0.0241706836757627 0.0225890513077034 
0.509591141650224 0.0243321429953231 0.0225340613152812 
0.510728836225406 0.0244943653918622 0.0224786813609163 
0.511867736589737 0.0246573527800025 0.0224229132435835 
0.513007845458847 0.0248211070720719 0.0223667587761099 
0.514149165557799 0.024985630178067 0.0223102197851632 
0.515291699621134 0.0251509240056165 0.0222532981112393 
0.516435450392918 0.0253169904599444 0.0221959956086497 
0.517580420626785 0.0254838314438327 0.0221383141455095 
0.518726613085984 0.0256514488575846 0.0220802556037246 
0.519874030543422 0.0258198445989872 0.0220218218789793 
0.521022675781715 0.0259890205632738 0.0219630148807236 
0.52217255159323 0.0261589786430863 0.0219038365321603 
0.523323660780132 0.0263297207284373 0.0218442887702327 
0.524476006154434 0.0265012487066725 0.0217843735456111 
0.525629590538041 0.0266735644624322 0.0217240928226804 
0.526784416762799 0.0268466698776131 0.0216634485795267 
0.527940487670542 0.02702056683133 0.0216024428079242 
0.529097806113142 0.0271952571998767 0.0215410775133224 
0.530256374952553 0.0273707428566879 0.0214793547148322 
0.531416197060865 0.0275470256722994 0.0214172764452131 
0.532577275320349 0.0277241075143098 0.0213548447508595 
0.533739612623509 0.0279019902473404 0.0212920616917871 
0.534903211873127 0.0280806757329962 0.0212289293416195 
0.536068075982321 0.0282601658298261 0.0211654497875746 
0.537234207874584 0.0284404623932831 0.0211016251304504 
0.538401610483846 0.028621567275684 0.0210374574846114 
0.539570286754517 0.0288034823261697 0.020972948977975 
0.540740239641539 0.0289862093906643 0.0209081017519967 
0.541911472110441 0.029169750311835 0.0208429179616567 
0.543083987137386 0.029354106929051 0.0207773997754455 
0.54425778770923 0.0295392810783429 0.0207115493753494 
0.545432876823563 0.0297252745923614 0.0206453689568363 
0.546609257488776 0.0299120893003359 0.0205788607288412 
0.547786932724099 0.0300997270280333 0.0205120269137519 
0.548965905559668 0.0302881895977165 0.0204448697473939 
0.550146179036568 0.0304774788281019 0.0203773914790161 
0.551327756206894 0.030667596534318 0.0203095943712757 
0.552510640133801 0.0308585445278631 0.0202414807002234 
0.553694833891562 0.0310503246165626 0.0201730527552886 
0.55488034056562 0.0312429386045264 0.0201043128392638 
0.556067163252645 0.0314363882921067 0.0200352632682901 
0.55725530506059 0.0316306754758544 0.0199659063718414 
0.558444769108745 0.0318258019484761 0.0198962444927091 
0.559635558527797 0.0320217694987909 0.019826279986987 
0.560827676459881 0.0322185799116865 0.0197560152240553 
0.562021126058645 0.032416234968076 0.0196854525865654 
0.5632159104893 0.0326147364448531 0.0196145944704235 
0.56441203292868 0.0328140861148489 0.0195434432847756 
0.565609496565306 0.0330142857467868 0.0194720014519909 
0.566808304599434 0.0332153371052382 0.019400271407646 
0.568008460243124 0.0334172419505779 0.0193282556005088 
0.569209966720291 0.0336200020389388 0.0192559564925224 
0.570412827266772 0.0338236191221671 0.0191833765587883 
0.57161704513038 0.0340280949477763 0.0191105182875506 
0.572822623570969 0.0342334312589024 0.0190373841801788 
0.574029565860492 0.0344396297942576 0.0189639767511519 
0.575237875283062 0.0346466922880843 0.0188902985280411 
0.576447555135017 0.0348546204701089 0.018816352051493 
0.577658608724978 0.0350634160654958 0.0187421398752132 
0.578871039373914 0.0352730807948 0.0186676645659485 
0.580084850415203 0.0354836163739207 0.0185929287034704 
0.581300045194697 0.0356950245140542 0.0185179348805575 
0.582516627070783 0.0359073069216466 0.0184426857029781 
0.583734599414452 0.0361204652983459 0.0183671837894731 
0.584953965609357 0.0363345013409547 0.018291431771738 
0.586174729051883 0.0365494167413823 0.0182154322944057 
0.587396893151209 0.036765213186596 0.018139188015028 
0.588620461329375 0.0369818923585731 0.0180627016040587 
0.58984543702135 0.037199455934252 0.0179859757448346 
0.591071823675094 0.0374179055854838 0.017909013133558 
0.59229962475163 0.0376372429789823 0.0178318164792784 
0.593528843725108 0.0378574697762759 0.0177543885038741 
0.594759484082873 0.0380785876336569 0.0176767319420335 
0.595991549325537 0.0383005982021323 0.017598849541237 
0.597225042967042 0.0385235031273736 0.017520744061738 
0.598459968534733 0.0387473040496668 0.0174424182765444 
0.59969632956943 0.0389720026038614 0.0173638749713992 
0.60093412962549 0.03919760041932 0.0172851169447621 
0.602173372270886 0.0394240991198674 0.0172061470077899 
0.603414061087274 0.039651500323739 0.0171269679843175 
0.604656199670064 0.0398798056435297 0.0170475827108384 
0.605899791628495 0.0401090166861421 0.0169679940364852 
0.607144840585705 0.0403391350527341 0.0168882048230101 
0.608391350178803 0.0405701623386675 0.0168082179447652 
0.609639324058946 0.0408021001334549 0.0167280362886825 
0.61088876589141 0.0410349500207072 0.0166476627542538 
0.612139679355667 0.0412687135780806 0.0165671002535112 
0.613392068145455 0.0415033923772234 0.0164863517110061 
0.61464593596886 0.0417389879837227 0.0164054200637895 
0.615901286548386 0.0419755019570504 0.0163243082613911 
0.617158123621037 0.0422129358505091 0.016243019265799 
0.618416450938388 0.0424512912111783 0.0161615560514387 
0.619676272266667 0.0426905695798596 0.0160799216051527 
0.620937591386832 0.042930772491022 0.0159981189261789 
0.622200412094646 0.0431719014727467 0.0159161510261301 
0.623464738200763 0.0434139580466719 0.0158340209289723 
0.624730573530802 0.0436569437279373 0.0157517316710036 
0.625997921925426 0.0439008600251283 0.0156692863008326 
0.62726678724043 0.0441457084402194 0.0155866878793569 
0.628537173346814 0.0443914904685184 0.0155039394797412 
0.62980908413087 0.0446382075986094 0.0154210441873953 
0.631082523494261 0.0448858613122959 0.0153380050999523 
0.632357495354107 0.0451344530845437 0.0152548253272464 
0.633634003643067 0.045383984383423 0.0151715079912904 
0.634912052309421 0.0456344566700512 0.0150880562262536 
0.63619164531716 0.0458858713985341 0.0150044731784387 
0.637472786646063 0.0461382300159083 0.0149207620062595 
0.63875548029179 0.0463915339620819 0.014836925880218 
0.640039730265967 0.0466457846697759 0.0147529679828813 
0.64132554059627 0.0469009835644647 0.0146688915088583 
0.642612915326514 0.047157132064317 0.0145846996647767 
0.643901858516742 0.0474142315801355 0.0145003956692593 
0.645192374243313 0.047672283515297 0.0144159827529008 
0.646484466598992 0.0479312892656919 0.0143314641582436 
0.647778139693037 0.0481912502196636 0.0142468431397542 
0.649073397651297 0.0484521677579471 0.0141621229637992 
0.650370244616293 0.0487140432536082 0.0140773069086209 
0.651668684747319 0.0489768780719813 0.0139923982643133 
0.652968722220528 0.049240673570608 0.0139074003327974 
0.65427036122903 0.0495054310991741 0.0138223164277965 
0.655573605982983 0.0497711519994479 0.0137371498748118 
0.656878460709688 0.0500378376052163 0.0136519040110969 
0.658184929653685 0.0503054892422226 0.0135665821856333 
0.659493017076846 0.0505741082281021 0.0134811877591048 
0.660802727258478 0.0508436958723186 0.0133957241038722 
0.66211406449541 0.0511142534761005 0.0133101946039475 
0.663427033102103 0.0513857823323756 0.0132246026549687 
0.664741637410736 0.0516582837257068 0.0131389516641733 
0.666057881771317 0.0519317589322268 0.013053245050373 
0.667375770551774 0.0522062092195722 0.0129674862439265 
0.66869530813806 0.0524816358468185 0.0128816786867142 
0.670016498934253 0.0527580400644129 0.0127958258321107 
0.67133934736266 0.0530354231141085 0.012709931144959 
0.672663857863918 0.0533137862288971 0.0126239981015427 
0.673990034897097 0.0535931306329422 0.0125380301895599 
0.675317882939806 0.0538734575415111 0.0124520309080951 
0.676647406488297 0.0541547681609074 0.0123660037675926 
0.677978610057571 0.0544370636884024 0.0122799522898283 
0.679311498181486 0.0547203453121665 0.0121938800078825 
0.680646075412862 0.0550046142112006 0.0121077904661116 
0.681982346323591 0.0552898715552664 0.0120216872201203 
0.683320315504743 0.0555761185048166 0.0119355738367332 
0.684659987566682 0.0558633562109252 0.0118494538939664 
0.686001367139168 0.0561515858152168 0.011763330980999 
0.687344458871475 0.0564408084497962 0.0116772086981439 
0.688689267432499 0.0567310252371765 0.0115910906568195 
0.690035797510876 0.0570222372902082 0.01150498047952 
0.691384053815088 0.0573144457120071 0.0114188817997862 
0.692734041073585 0.0576076515958819 0.0113327982621761 
0.694085764034897 0.0579018560252615 0.0112467335222351 
0.695439227467748 0.0581970600736223 0.0111606912464661 
0.69679443616118 0.058493264804414 0.0110746751122992 
0.698151394924663 0.0587904712709866 0.0109886888080619 
0.699510108588219 0.0590886805165155 0.0109027360329482 
0.700870582002541 0.0593878935739273 0.0108168204969881 
0.702232820039112 0.0596881114658245 0.0107309459210167 
0.703596827590328 0.0599893352044102 0.0106451160366432 
0.704962609569618 0.0602915657914122 0.0105593345862195 
0.706330170911572 0.0605948042180066 0.0104736053228089 
0.707699516572059 0.0608990514647417 0.0103879320101544 
0.709070651528358 0.0612043085014602 0.0103023184226467 
0.710443580779282 0.0615105762872221 0.0102167683452924 
0.711818309345301 0.0618178557702269 0.0101312855736815 
0.713194842268678 0.0621261478877351 0.010045873913955 
0.714573184613591 0.0624354535659892 0.00996053718277223 
0.715953341466265 0.0627457737201352 0.00987527920727792 
0.717335317935104 0.0630571092541422 0.00979010382506915 
0.718719119150824 0.063369461060723 0.00970501488416202 
0.720104750266582 0.0636828300212534 0.00962001624295806 
0.721492216458112 0.0639972170056909 0.00953511177021055 
0.722881522923859 0.064312622872494 0.00945030534499051 
0.724272674885119 0.0646290484685398 0.00936560085665256 
0.725665677586169 0.0649464946290424 0.00928100220480047 
0.72706053629441 0.0652649621774692 0.00919651329925258 
0.728457256300507 0.0655844519254589 0.00911213806000689 
0.729855842918522 0.0659049646727368 0.00902788041720606 
0.731256301486064 0.0662265012070317 0.00894374431110203 
0.732658637364425 0.0665490623039903 0.00885973369202057 
0.734062855938728 0.066872648727093 0.00877585252032545 
0.735468962618065 0.0671972612275681 0.00869210476638248 
0.73687696283565 0.0675229005443057 0.0086084944105233 
0.738286862048961 0.0678495674037716 0.00852502544300887 
0.739698665739888 0.0681772625199197 0.0084417018639928 
0.741112379414885 0.0685059865941054 0.00835852768348444 
0.742528008605117 0.0688357403149971 0.00827550692131166 
0.743945558866612 0.0691665243584879 0.00819264360708343 
0.745365035780414 0.0694983393876067 0.00810994178015217 
0.746786444952736 0.0698311860524291 0.00802740548957584 
0.748209792015116 0.0701650649899868 0.00794503879407978 
0.749635082624572 0.0704999768241777 0.0078628457620183 
0.75106232246376 0.0708359221656751 0.00778083047133599 
0.752491517241131 0.0711729016118355 0.00769899700952888 
0.753922672691093 0.0715109157466074 0.00761734947360517 
0.755355794574168 0.0718499651404382 0.0075358919700459 
0.756790888677161 0.0721900503501817 0.00745462861476519 
0.758227960813317 0.072531171919004 0.00737356353307033 
0.759667016822489 0.0728733303762897 0.00729270085962157 
0.761108062571302 0.0732165262375473 0.00721204473839162 
0.762551103953326 0.0735607600043138 0.00713159932262495 
0.763996146889236 0.073906032164059 0.00705136877479672 
0.76544319732699 0.0742523431900895 0.00697135726657152 
0.766892261241995 0.0745996935414511 0.00689156897876183 
0.768343344637286 0.0749480836628324 0.00681200810128619 
0.769796453543693 0.0752975139844661 0.00673267883312704 
0.771251594020021 0.0756479849220304 0.00665358538228839 
0.772708772153226 0.0759994968765505 0.00657473196575311 
0.774167994058594 0.0763520502342982 0.00649612280943998 
0.775629265879921 0.076705645366692 0.00641776214816047 
0.777092593789693 0.0770602826301961 0.00633965422557516 
0.778557983989269 0.0774159623662189 0.00626180329414998 
0.780025442709068 0.0777726849010111 0.00618421361511204 
0.781494976208752 0.0781304505455628 0.00610688945840525 
0.782966590777412 0.0784892595955003 0.00602983510264562 
0.784440292733762 0.078849112330982 0.0059530548350762 
0.785916088426324 0.0792100090165945 0.00587655295152187 
0.787393984233623 0.0795719499012466 0.0058003337563436 
0.78887398656438 0.0799349352180644 0.00572440156239262 
0.790356101857707 0.0802989651842842 0.00564876069096418 
0.791840336583301 0.0806640400011459 0.00557341547175096 
0.793326697241648 0.0810301598537851 0.00549837024279626 
0.794815190364218 0.0813973249111251 0.00542362935044679 
0.796305822513668 0.0817655353257674 0.00534919714930522 
0.797798600284045 0.0821347912338824 0.00527507800218233 
0.799293530300993 0.0825050927550993 0.00520127628004888 
0.800790619221957 0.0828764399923948 0.00512779636198715 
0.802289873736392 0.0832488330319816 0.00505464263514215 
0.803791300565974 0.0836222719431959 0.00498181949467248 
0.805294906464811 0.0839967567783848 0.00490933134370086 
0.806800698219657 0.0843722875727924 0.00483718259326435 
0.808308682650128 0.0847488643444454 0.0047653776622642 
0.809818866608915 0.0851264870940379 0.00469392097741537 
0.811331256982011 0.0855051558048158 0.0046228169731957 
0.812845860688925 0.0858848704424605 0.00455207009179474 
0.814362684682907 0.086265630954971 0.00448168478306221 
0.815881735951172 0.0866474372725467 0.00441166550445611 
0.817403021515129 0.0870302893074684 0.00434201672099052 
0.818926548430605 0.087414186953979 0.00427274290518293 
0.820452323788081 0.0877991300881629 0.00420384853700137 
0.821980354712918 0.0881851185678258 0.004135338103811 
0.823510648365597 0.0885721522323726 0.00406721610032046 
0.82504321194195 0.0889602309026851 0.00399948702852778 
0.826578052673405 0.0893493543809989 0.00393215539766595 
0.828115177827219 0.0897395224507795 0.00386522572414808 
0.829654594706726 0.0901307348765969 0.00379870253151222 
0.831196310651578 0.0905229914040013 0.00373259035036576 
0.832740333037994 0.0909162917593957 0.00366689371832944 
0.834286669279006 0.0913106356499094 0.00360161717998103 
0.835835326824715 0.0917060227632697 0.00353676528679852 
0.837386313162538 0.0921024527676736 0.003472342597103 
0.838939635817467 0.0924999253116577 0.00340835367600108 
0.840495302352324 0.0928984400239684 0.00334480309532697 
0.842053320368025 0.0932979965134302 0.00328169543358405 
0.843613697503838 0.0936985943688141 0.00321903527588613 
0.845176441437646 0.0941002331587044 0.00315682721389827 
0.84674155988622 0.0945029124313648 0.00309507584577714 
0.848309060605482 0.0949066317146043 0.00303378577611101 
0.849878951390779 0.0953113905156411 0.0029729616158593 
0.851451240077154 0.0957171883209669 0.00291260798229166 
0.853025934539628 0.0961240245962088 0.0028527294989267 
0.854603042693471 0.0965318987859922 0.00279333079547021 
0.856182572494489 0.0969408103138007 0.002734416507753 
0.857764531939304 0.097350758581837 0.00267599127766821 
0.859348929065643 0.0977617429708814 0.00261805975310831 
0.860935771952622 0.0981737628401505 0.00256062658790151 
0.862525068721043 0.0985868175271542 0.00250369644174777 
0.864116827533683 0.0990009063475519 0.00244727398015444 
0.865711056595593 0.0994160285950083 0.00239136387437124 
0.867307764154396 0.0998321835410476 0.00233597080132497 
0.868906958500589 0.100249370434907 0.00228109944355365 
0.870508647967847 0.100667588503388 0.00222675448914019 
0.872112840933333 0.101086836950711 0.0021729406316456 
0.873719545818002 0.101507114958363 0.00211966257004174 
0.875328771086921 0.101928421684948 0.0020669250086435 
0.876940525249579 0.102350756266034 0.00201473265704061 
0.87855481686021 0.102774117814004 0.00196309023002883 
0.880171654518109 0.1031985054179 0.00191200244754076 
0.881791046867961 0.103623918143269 0.00186147403457603 
0.883413002600169 0.104050355032005 0.00181150972113106 
0.885037530451179 0.104477815102198 0.00176211424212831 
0.886664639203819 0.10490629734797 0.00171329233734494 
0.888294337687631 0.105335800739321 0.00166504875134101 
0.889926634779213 0.105766324221964 0.00161738823338717 
0.891561539402564 0.106197866717171 0.00157031553739173 
0.893199060529424 0.106630427121603 0.00152383542182731 
0.894839207179627 0.107064004307155 0.00147795264965681 
0.896481988421454 0.107498597120783 0.00143267198825901 
0.898127413371985 0.107934204384347 0.00138799820935344 
0.899775491197462 0.108370824894436 0.0013439360889248 
0.901426231113648 0.108808457422208 0.00130049040714683 
0.903079642386196 0.109247100713215 0.00125766594830552 
0.904735734331014 0.109686753487238 0.00121546750072186 
0.906394516314641 0.110127414438112 0.00117389985667391 
0.908055997754621 0.110569082233552 0.0011329678123184 
0.909720188119887 0.111011755514987 0.00109267616761163 
0.911387096931135 0.111455432897375 0.00105302972622988 
0.913056733761222 0.111900112969034 0.00101403329548911 
0.914729108235548 0.112345794291463 0.0009756916862642 
0.916404230032456 0.11279247539916 0.000938009712907426 
0.918082108883627 0.113240154799449 0.000900992193166451 
0.91976275457448 0.113688830972289 0.000864643948101618 
0.921446176944584 0.114138502370101 0.000828969802002655 
0.923132385888063 0.114589167417579 0.000793974582304724 
0.924821391354008 0.115040824511505 0.000759663119503857 
0.926513203346901 0.115493472020564 0.000726040247071724 
0.928207831927029 0.115947108285157 0.00069311080136978 
0.929905287210915 0.116401731617207 0.000660879621562728 
0.931605579371747 0.116857340299976 0.000629351549531339 
0.93330871863981 0.117313932587865 0.000598531429784599 
0.935014715302925 0.117771506706229 0.000568424109371184 
0.936723579706892 0.118230060851173 0.000539034437790253 
0.938435322255937 0.118689593189365 0.000510367266901547 
0.940149953413163 0.119150101857831 0.000482427450834809 
0.941867483701005 0.119611584963762 0.000455219845898495 
0.943587923701692 0.120074040584307 0.000428749310487783 
0.945311284057709 0.120537466766377 0.000403020704991861 
0.947037575472268 0.121001861526439 0.000378038891700504 
0.948766808709781 0.121467222850311 0.000353808734709921 
0.950498994596341 0.121933548692954 0.000330335099827866 
0.952234144020201 0.122400836978267 0.000307622854478004 
0.953972267932268 0.122869085598876 0.000285676867603542 
0.95571337734659 0.123338292415922 0.000264502009570094 
0.957457483340858 0.123808455258848 0.000244103152067783 
0.959204597056909 0.124279571925188 0.000224485168012576 
0.960954729701232 0.124751640180347 0.000205652931446843 
0.962707892545483 0.125224657757383 0.000187611317439127 
0.964464096927003 0.125698622356794 0.000170365201983119 
0.96622335424934 0.126173531646289 0.000153919461895842 
0.967985675982782 0.12664938326057 0.000138278974715012 
0.969751073664887 0.127126174801108 0.000123448618595597 
0.971519558901025 0.127603903835914 0.000109433272205542 
0.973291143364924 0.128082567899314 9.62378146206581E-05 
0.975065838799217 0.128562164491717 8.38671252186828E-05 
0.976843657016006 0.129042691079386 7.23260835724793E-05 
0.978624609897417 0.129524145094204 6.16195693423818E-05 
0.980408709396171 0.130006523933438 5.17524621676768E-05 
0.982195967536158 0.130489824959505 4.27296415572043E-05 
0.983986396413017 0.130974045499729 3.45559867790766E-05 
0.985780008194722 0.131459182846105 2.72363767495057E-05 
0.987576815122174 0.131945234255055 2.07756899207249E-05 
0.989376829509798 0.132432196947183 1.51788041680043E-05 
0.991180063746149 0.132920068107029 1.04505966757406E-05 
0.992986530294521 0.133408844882821 6.59594382261987E-06 
0.994796241693567 0.133898524386227 3.61972106584025E-06 
0.99660921055792 0.134389103692099 1.52680282438619E-06 
0.998425449578823 0.134880579838223 3.22062361343172E-07 
1.00024497152477 0.135372949825058 1.0371665244285E-08 
1.00206778924215 0.135866210615484 5.96601330437996E-07 
1.00389391565588 0.136360359134536 2.08562043646733E-06 
1.00572336377008 0.136855392269146 4.4822964264503E-06 
1.00755614666876 0.137351306867874 7.79149498445079E-06 
1.00939227751644 0.137848099740648 1.20180799118301E-05 
1.01123176955885 0.138345767658487 1.71669130025667E-05 
1.01307463612364 0.138844307353238 2.32428539175371E-05 
1.01492089062103 0.139343715517297 3.02507600577423E-05 
1.01677054654456 0.139843988803336 3.81954864364722E-05 
1.01862361747176 0.140345123824026 4.70818855503953E-05 
1.02048011706488 0.140847117151755 5.69148072495619E-05 
1.02234005907161 0.141349965318348 6.76990986063117E-05 
1.02420345732581 0.141853664814781 7.9439603783071E-05 
1.02607032574827 0.142358212090894 9.21411638990299E-05 
1.02794067834744 0.142863603555102 0.000105808616895686 
1.02981452922017 0.143369835574104 0.000120446797401244 
1.0316918925525 0.143876904472587 0.000136060536593857 
1.03357278262044 0.144384806532931 0.000152654662063701 
1.03545721379073 0.144893537994909 0.000170233997673863 
1.03734520052162 0.145403095055385 0.000188803363420036 
1.0392367573637 0.145913473868012 0.00020836757528901 
1.04113189896069 0.146424670542921 0.000228931445115936 
1.04303064005027 0.146936681146417 0.000250499780440352 
1.04493299546488 0.14744950170066 0.000273077384360976 
1.04683898013256 0.147963128183358 0.000296669055389224 
1.04874860907784 0.148477556527443 0.000321279587301453 
1.05066189742253 0.148992782620755 0.000346913768989926 
1.05257886038661 0.149508802305716 0.000373576384312459 
1.05449951328912 0.150025611379009 0.000401272211940756 
1.05642387154903 0.150543205591242 0.000430006025207415 
1.05835195068611 0.151061580646624 0.000459782591951579 
1.06028376632187 0.151580732202626 0.000490606674363232 
1.06221933418046 0.152100655869646 0.000522483028826104 
1.06415867008959 0.152621347210667 0.000555416405759201 
1.06610178998145 0.153142801740916 0.000589411549456905 
1.06804870989371 0.153665014927514 0.000624473197927671 
1.0699994459704 0.154187982189133 0.000660606082731264 
1.07195401446294 0.154711698895636 0.000697814928814544 
1.07391243173109 0.155236160367728 0.000736104454345783 
1.07587471424393 0.155761361876592 0.000775479370547484 
1.0778408785809 0.156287298643531 0.000815944381527694 
1.07981094143278 0.156813965839602 0.00085750418410979 
1.08178491960273 0.157341358585244 0.000900163467660727 
1.08376283000731 0.157869471949911 0.00094392691391772 
1.08574468967754 0.158398300951694 0.000988799196813345 
1.08773051576 0.158927840556942 0.00103478498229905 
1.08972032551781 0.159458085679883 0.00108188892816705 
1.09171413633182 0.159989031182234 0.00113011568387058 
1.09371196570165 0.160520671872816 0.00117946989034248 
1.09571383124682 0.161053002507158 0.00122995617981216 
1.09771975070786 0.161586017787102 0.00128157917562081 
1.09972974194749 0.162119712360403 0.00133434349203492 
1.10174382295173 0.162654080820327 0.0013882537340581 
1.10376201183108 0.163189117705239 0.00144331449724109 
1.10578432682174 0.163724817498196 0.00149953036749002 
1.10781078628673 0.16426117462653 0.00155690592087288 
1.10984140871716 0.164798183461428 0.00161544572342419 
1.11187621273346 0.165335838317511 0.00167515433094776 
1.11391521708656 0.165874133452405 0.00173603628881768 
1.11595844065921 0.166413063066312 0.00179809613177737 
1.11800590246722 0.166952621301572 0.00186133838373673 
1.12005762166075 0.167492802242226 0.00192576755756734 
1.12211361752561 0.168033599913571 0.00199138815489581 
1.12417390948457 0.168575008281713 0.00205820466589498 
1.12623851709873 0.169117021253114 0.00212622156907327 
1.12830746006884 0.169659632674134 0.00219544333106193 
1.13038075823665 0.170202836330576 0.00226587440640027 
1.13245843158635 0.170746625947211 0.00233751923731874 
1.13454050024594 0.171290995187316 0.00241038225352006 
1.13662698448862 0.171835937652196 0.00248446787195803 
1.13871790473431 0.172381446880705 0.00255978049661433 
1.14081328155102 0.17292751634876 0.0026363245182731 
1.14291313565636 0.173474139468856 0.00271410431429326 
1.14501748791907 0.17402130958957 0.00279312424837864 
1.14712635936046 0.174569019995061 0.00287338867034586 
1.149239771156 0.175117263904568 0.00295490191588986 
1.15135774463684 0.175666034471901 0.00303766830634714 
1.15348030129139 0.176215324784929 0.00312169214845665 
1.15560746276691 0.176765127865056 0.00320697773411829 
1.15773925087115 0.177315436666702 0.00329352934014896 
1.15987568757393 0.17786624407677 0.00338135122803624 
1.16201679500883 0.178417542914111 0.00347044764368953 
1.16416259547486 0.178969325928987 0.0035608228171887 
1.16631311143816 0.179521585802519 0.00365248096253018 
1.16846836553369 0.180074315146141 0.00374542627737055 
1.17062838056703 0.180627506501039 0.00383966294276739 
1.17279317951609 0.18118115233759 0.00393519512291761 
1.17496278553294 0.181735245054788 0.00403202696489305 
1.17713722194557 0.182289776979678 0.00413016259837333 
1.17931651225981 0.182844740366766 0.00422960613537604 
1.1815006801611 0.183400127397435 0.00433036166998408 
1.18368974951643 0.183955930179354 0.00443243327807015 
1.18588374437623 0.184512140745876 0.00453582501701849 
1.18808268897634 0.18506875105543 0.00464054092544359 
1.19028660773991 0.185625752990912 0.00474658502290605 
1.19249552527947 0.186183138359066 0.00485396130962542 
1.19470946639885 0.186740898889853 0.00496267376619007 
1.19692845609533 0.187299026235825 0.0050727263532639 
1.19915251956162 0.187857511971483 0.00518412301129009 
1.20138168218803 0.188416347592629 0.00529686766019155 
1.20361596956453 0.188975524515713 0.00541096419906833 
1.20585540748298 0.189535034077178 0.00552641650589172 
1.20810002193926 0.190094867532783 0.00564322843719503 
1.21034983913553 0.190655016056936 0.00576140382776116 
1.21260488548245 0.191215470742007 0.00588094649030675 
1.21486518760147 0.19177622259764 0.00600186021516286 
1.21713077232715 0.192337262550051 0.00612414876995229 
1.21940166670948 0.19289858144133 0.0062478158992633 
1.22167789801631 0.193460170028721 0.00637286532431982 
1.22395949373569 0.194022018983901 0.00649930074264805 
1.22624648157838 0.194584118892254 0.00662712582773936 
1.22853888948027 0.195146460252129 0.0067563442287095 
1.23083674560496 0.195709033474097 0.00688695956995402 
1.23314007834625 0.196271828880191 0.00701897545079995 
1.23544891633078 0.19683483670315 0.00715239544515346 
1.23776328842061 0.197398047085639 0.00728722310114369 
1.24008322371591 0.197961450079471 0.00742346194076258 
1.24240875155766 0.198525035644818 0.00756111545950062 
1.24473990153036 0.199088793649409 0.00770018712597849 
1.24707670346485 0.199652713867723 0.00784068038157457 
1.24941918744113 0.200216785980168 0.00798259864004819 
1.25176738379118 0.200780999572255 0.00812594528715856 
1.25412132310189 0.20134534413376 0.00827072368027943 
1.25648103621803 0.201909809057875 0.00841693714800926 
1.25884655424519 0.202474383640352 0.00856458898977686 
1.26121790855286 0.203039057078633 0.00871368247544264 
1.26359513077747 0.203603818470973 0.00886422084489502 
1.26597825282556 0.204168656815548 0.00901620730764233 
1.26836730687691 0.20473356100956 0.00916964504239982 
1.27076232538778 0.205298519848321 0.00932453719667195 
1.2731633410942 0.205863522024335 0.00948088688632964 
1.27557038701523 0.20642855612636 0.00963869719518264 
1.27798349645638 0.206993610638472 0.00979797117454676 
1.28040270301302 0.207558673939097 0.00995871184280605 
1.28282804057382 0.208123734300053 0.0101209221849697 
1.28525954332433 0.208688779885564 0.0102846051522234 
1.28769724575049 0.20925379875127 0.0104497636614761 
1.29014118264235 0.209818778843221 0.0106164005949003 
1.29259138909766 0.210383707996859 0.0107845187994672 
1.2950479005257 0.21094857393599 0.0109541210864766 
1.29751075265105 0.211513364271737 0.0111252102310804 
1.29997998151747 0.212078066501487 0.011297788971801 
1.30245562349179 0.212642668007819 0.0114718600100429 
1.30493771526796 0.213207156057418 0.0116474260095989 
1.30742629387103 0.213771517799981 0.0118244895961502 
1.30992139666133 0.214335740267101 0.0120030533567601 
1.31242306133862 0.214899810371143 0.0121831198393615 
1.3149313259463 0.215463714904103 0.0123646915522376 
1.31744622887582 0.216027440536448 0.0125477709634969 
1.31996780887096 0.21659097381595 0.0127323605005406 
1.32249610503236 0.217154301166492 0.0129184625495241 
1.32503115682201 0.217717408886872 0.0131060794548113 
1.32757300406787 0.218280283149581 0.0132952135184217 
1.33012168696851 0.218842909999568 0.0134858669994709 
1.33267724609792 0.219405275352989 0.0136780421136036 
1.33523972241029 0.219967364995936 0.0138717410324195 
1.33780915724495 0.220529164583156 0.0140669658828913 
1.34038559233133 0.221090659636743 0.0142637187467759 
1.34296906979406 0.22165183554482 0.0144620016600171 
1.34555963215812 0.222212677560197 0.0146618166121414 
1.34815732235409 0.222773170799015 0.0148631655456446 
1.35076218372348 0.223333300239372 0.0150660503553714 
1.35337426002411 0.223893050719922 0.0152704728878864 
1.35599359543571 0.224452406938462 0.0154764349408365 
1.35862023456544 0.2250113534505 0.0156839382623053 
1.36125422245365 0.225569874667795 0.015892984550158 
1.36389560457965 0.226127954856883 0.0161035754513783 
1.36654442686761 0.226685578137583 0.016315712561396 
1.36920073569259 0.227242728481475 0.0165293974234051 
1.37186457788659 0.22779938971036 0.0167446315276735 
1.37453600074482 0.228355545494702 0.0169614163108421 
1.37721505203198 0.228911179352037 0.0171797531552152 
1.3799017799887 0.229466274645371 0.0173996433880402 
1.38259623333806 0.230020814581545 0.0176210882807787 
1.38529846129228 0.230574782209582 0.0178440890483655 
1.38800851355949 0.231128160419006 0.0180686468484589 
1.39072644035059 0.231680931938136 0.0182947627806798 
1.39345229238631 0.232233079332361 0.0185224378858397 
1.3961861209043 0.232784585002378 0.0187516731451583 
1.39892797766647 0.233335431182415 0.0189824694794701 
1.40167791496632 0.233885599938421 0.0192148277484185 
1.40443598563652 0.234435073166225 0.01944874874964 
1.40720224305658 0.23498383258968 0.0196842332179352 
1.40997674116063 0.235531859758763 0.0199212818244284 
1.4127595344454 0.236079136047654 0.0201598951757148 
1.41555067797833 0.236625642652791 0.0204000738129958 
1.41835022740581 0.237171360590878 0.0206418182112003 
1.42115823896154 0.237716270696879 0.0208851287780944 
1.42397476947518 0.238260353621974 0.021130005853377 
1.426799876381 0.238803589831477 0.0213764497077623 
1.42963361772677 0.239345959602733 0.0216244605420485 
1.43247605218283 0.239887443022972 0.0218740384861724 
1.43532723905132 0.240428019987129 0.0221251835982499 
1.43818723827554 0.240967670195639 0.0223778958636017 
1.44105611044955 0.241506373152185 0.0226321751937644 
1.44393391682792 0.242044108161411 0.0228880214254859 
1.44682071933571 0.242580854326609 0.0231454343197065 
1.44971658057854 0.243116590547351 0.0234044135605227 
1.45262156385299 0.243651295517096 0.0236649587541361 
1.4555357331571 0.244184947720752 0.0239270694277853 
1.45845915320113 0.244717525432195 0.0241907450286612 
1.46139188941852 0.245249006711752 0.0244559849228053 
1.46433400797701 0.245779369403638 0.0247227883939902 
1.4672855757901 0.246308591133351 0.0249911546425827 
1.47024666052863 0.246836649305023 0.0252610827843882 
1.47321733063263 0.247363521098726 0.0255325718494774 
1.4761976553234 0.247889183467728 0.0258056207809927 
1.47918770461587 0.248413613135712 0.0260802284339365 
1.48218754933115 0.248936786593934 0.0263563935739389 
1.4851972611094 0.249458680098338 0.0266341148760056 
1.48821691242287 0.249979269666626 0.0269133909232451 
1.49124657658935 0.250498531075263 0.0271942202055743 
1.49428632778573 0.251016439856442 0.0274766011184034 
1.497336241062 0.251532971294988 0.0277605319612983 
1.50039639235539 0.252048100425208 0.02804601093662 
1.50346685850495 0.252561802027685 0.0283330361481422 
1.50654771726633 0.253074050626017 0.0286216055996441 
1.50963904732692 0.25358482048349 0.0289117171934803 
1.51274092832128 0.254094085599696 0.0292033687291247 
1.51585344084696 0.254601819707087 0.0294965579016911 
1.51897666648058 0.255107996267466 0.0297912823004262 
1.52211068779429 0.255612588468412 0.0300875394071777 
1.52525558837262 0.256115569219639 0.0303853265948348 
1.52841145282965 0.256616911149287 0.0306846411257414 
1.53157836682654 0.25711658660014 0.0309854801500808 
1.53475641708949 0.257614567625779 0.0312878407042322 
1.53794569142811 0.258110825986656 0.0315917197090973 
1.54114627875409 0.258605333146092 0.0318971139683966 
1.54435826910043 0.259098060266203 0.032204020166935 
1.54758175364096 0.259588978203742 0.0325124348688357 
1.55081682471043 0.260078057505865 0.0328223545157418 
1.55406357582494 0.260565268405807 0.0331337754249847 
1.55732210170288 0.261050580818477 0.033446693787718 
1.56059249828639 0.261533964335971 0.0337611056670176 
1.56387486276322 0.262015388222981 0.034077006995945 
1.56716929358917 0.262494821412128 0.0343943935755751 
1.57047589051101 0.262972232499186 0.0347132610729855 
1.57379475458993 0.263447589738223 0.0350336050192084 
1.57712598822557 0.263920861036634 0.0353554208071427 
1.58046969518061 0.264392013950069 0.0356787036894253 
1.58382598060587 0.264861015677269 0.0360034487762621 
1.58719495106609 0.265327833054778 0.0363296510332156 
1.59057671456633 0.265792432551562 0.0366573052789494 
1.59397138057891 0.266254780263497 0.0369864061829282 
1.59737906007107 0.266714841907755 0.0373169482630718 
1.60079986553331 0.26717258281706 0.037648925883362 
1.60423391100839 0.267627967933828 0.0379823332514018 
1.60768131212102 0.268080961804178 0.0383171644159242 
1.61114218610836 0.268531528571807 0.0386534132642516 
1.61461665185115 0.268979631971745 0.038991073519701 
1.61810482990576 0.269425235323959 0.0393301387389381 
1.62160684253693 0.269868301526821 0.0396706023092741 
1.62512281375139 0.270308793050434 0.0400124574459073 
1.62865286933228 0.270746671929802 0.0403556971891065 
1.63219713687454 0.271181899757851 0.040700314401334 
1.63575574582108 0.271614437678289 0.0410463017643084 
1.63932882750002 0.272044246378303 0.0413936517760033 
1.64291651516273 0.272471286081091 0.0417423567475816 
1.64651894402305 0.272895516538217 0.0420924088002636 
1.65013625129734 0.273316897021791 0.0424437998621257 
1.65376857624577 0.273735386316464 0.0427965216648292 
1.65741606021454 0.274150942711236 0.0431505657402762 
1.66107884667936 0.274563523991067 0.0435059234171914 
1.66475708128999 0.274973087428291 0.0438625858176262 
1.66845091191606 0.275379589773816 0.0442205438533847 
1.67216048869407 0.275782987248123 0.0445797882223672 
1.67588596407572 0.276183235532029 0.0449403094048309 
1.67962749287753 0.27658028975724 0.0453020976595634 
1.68338523233188 0.276974104496659 0.0456651430199678 
1.68715934213938 0.277364633754454 0.0460294352900554 
1.69094998452281 0.277751830955882 0.046394964040345 
1.6947573242825 0.27813564893685 0.0467617186036635 
1.69858152885331 0.278516039933217 0.0471296880708469 
1.70242276836322 0.278892955569811 0.0474988612863377 
1.70628121569361 0.279266346849176 0.0478692268436749 
1.71015704654127 0.27963616414002 0.0482407730808747 
1.71405043948221 0.280002357165355 0.0486134880756962 
1.71796157603736 0.280364874990335 0.0489873596407908 
1.72189064074013 0.280723666009768 0.0493623753187301 
1.72583782120609 0.281078677935284 0.0497385223769081 
1.72980330820457 0.281429857782174 0.050115787802315 
1.73378729573257 0.281777151855858 0.0504941582961767 
1.73778998109076 0.282120505737988 0.0508736202684567 
1.74181156496189 0.28245986427217 0.0512541598322154 
1.74585225149154 0.282795171549285 0.0516357627978217 
1.7499122483714 0.283126370892402 0.0520184146670122 
1.75399176692508 0.283453404841268 0.0524021006267928 
1.75809102219666 0.28377621513635 0.052786805543177 
1.76221023304197 0.284094742702429 0.0531725139547551 
1.7663496222228 0.284408927631714 0.0535592100660896 
1.7705094165041 0.284718709166468 0.0539468777409277 
1.77468984675428 0.285024025681123 0.0543355004952286 
1.77889114804881 0.285324814663871 0.0547250614899948 
1.78311355977713 0.285621012697699 0.0551155435239032 
1.7873573257531 0.285912555440863 0.0555069290257271 
1.79162269432912 0.286199377606764 0.0558992000465423 
1.795909918514 0.286481412943216 0.0562923382517086 
1.80021925609484 0.286758594211072 0.0566863249126186 
1.80455096976297 0.287030853162187 0.0570811408982055 
1.80890532724424 0.287298120516697 0.0574767666661994 
1.81328260143374 0.287560325939575 0.0578731822541242 
1.81768307053516 0.287817398016443 0.0582703672700236 
1.82210701820508 0.288069264228613 0.0586683008829064 
1.82655473370223 0.288315850927313 0.0590669618128997 
1.83102651204211 0.288557083307076 0.0594663283210989 
1.83552265415709 0.288792885378256 0.0598663781991018 
1.84004346706224 0.289023179938625 0.0602670887582139 
1.84458926402725 0.289247888544023 0.0606684368183131 
1.84916036475453 0.289466931478016 0.0610703986963572 
1.85375709556394 0.289680227720516 0.0614729501945215 
1.85837978958433 0.289887694915327 0.0618760665879507 
1.86302878695233 0.290089249336558 0.0622797226121075 
1.86770443501855 0.290284805853866 0.0626838924497028 
1.87240708856166 0.290474277896463 0.0630885497171871 
1.87713711001075 0.290657577415842 0.0634936674507872 
1.88189486967624 0.290834614847167 0.0638992180920647 
1.88668074598977 0.291005299069241 0.064305173472978 
1.89149512575368 0.291169537363025 0.0647115048004245 
1.89633840440027 0.291327235368607 0.0651181826402395 
1.9012109862615 0.291478297040563 0.0655251769006279 
1.90611328484969 0.291622624601633 0.0659324568150011 
1.9110457231495 0.291760118494629 0.0663399909241939 
1.91600873392213 0.291890677332489 0.0667477470580299 
1.92100276002208 0.292014197846387 0.0671556923162064 
1.92602825472715 0.292130574831801 0.0675637930484655 
1.93108568208258 0.292239701092444 0.0679720148340173 
1.93617551725976 0.292341467381939 0.0683803224601782 
1.94129824693047 0.292435762343133 0.0687886799001869 
1.94645436965754 0.292522472444924 0.0691970502901555 
1.95164439630252 0.292601481916473 0.0696053959051137 
1.95686885045168 0.292672672678662 0.0700136781340997 
1.96212826886097 0.292735924272655 0.0704218574542479 
1.96742320192129 0.292791113785404 0.0708298934038228 
1.97275421414501 0.292838115771935 0.0712377445541431 
1.97812188467503 0.292876802174239 0.0716453684803369 
1.98352680781766 0.292907042236579 0.0720527217308656 
1.98896959360072 0.292928702417015 0.0724597597957503 
1.99445086835823 0.292941646294921 0.0728664370734285 
1.99997127534338 0.292945734474291 0.073272706836166 
2.00553147537144 0.292940824482557 0.0736785211939423 
2.01113214749438 0.292926770664681 0.0740838310567235 
2.01677398970909 0.292903424072235 0.0744885860950294 
2.02245771970146 0.292870632347161 0.0748927346986962 
2.02818407562832 0.2928282395999 0.0752962239337282 
2.03395381693982 0.292776086281533 0.0756989994971257 
2.03976772524468 0.292714009049576 0.0761010056695653 
2.04562660522125 0.292641840627018 0.0765021852658033 
2.05153128557722 0.292559409654174 0.0769024795826605 
2.05748262006125 0.292466540532903 0.0773018283444376 
2.06348148853005 0.292363053262672 0.0777001696455973 
2.06952879807463 0.292248763267947 0.078097439890539 
2.07562548420972 0.292123481216319 0.0784935737302754 
2.0817725121309 0.291987012826742 0.078888503995808 
2.0879708780441 0.291839158667198 0.0792821616279788 
2.09422161057258 0.291679713941062 0.0796744756035628 
2.10052577224722 0.291508468261366 0.0800653728573389 
2.10688446108595 0.291325205412088 0.080454778199862 
2.11329881226911 0.29112970309554 0.0808426142306316 
2.11976999991795 0.290921732664819 0.0812288012463258 
2.12629923898404 0.290701058840218 0.0816132571437435 
2.13288778725834 0.290467439408373 0.0819958973170631 
2.13953694750914 0.29022062490282 0.0823766345489911 
2.14624806975932 0.289960358264525 0.0827553788953374 
2.15302255371406 0.289686374480788 0.0831320375625085 
2.1598618513514 0.289398400200789 0.0835065147773622 
2.16676746968923 0.289096153325862 0.0838787116488158 
2.17374097374364 0.288779342572421 0.0842485260205404 
2.18078398969501 0.288447667005211 0.0846158523140042 
2.1878982082801 0.288100815538349 0.0849805813610612 
2.19508538843006 0.287738466401361 0.0853426002251919 
2.20234736117664 0.287360286567109 0.085701792010414 
2.20968603385116 0.286965931138168 0.0860580356567784 
2.21710339460358 0.286555042687859 0.0864112057212458 
2.22460151727196 0.286127250551708 0.086761172142609 
2.23218256663628 0.285682170064613 0.0871077999889798 
2.23984880409431 0.285219401738488 0.0874509491861869 
2.24760259380183 0.284738530374501 0.0877904742252443 
2.25544640932456 0.284239124103367 0.0881262238468299 
2.26338284085496 0.283720733346307 0.0884580407004698 
2.27141460305378 0.283182889688428 0.0887857609758386 
2.27954454358386 0.282625104655168 0.0891092140032651 
2.28777565241244 0.28204686838131 0.0894282218201597 
2.29611107196854 0.281447648160627 0.089742598699655 
2.30455410825346 0.280826886862652 0.0900521506372559 
2.31310824301649 0.280184001201185 0.0903566747907247 
2.32177714712332 0.279518379837004 0.0906559588677655 
2.33056469526351 0.278829381294699 0.0909497804552963 
2.339474982165 0.278116331670629 0.0912379062831991 
2.34851234050906 0.277378522105494 0.0915200914143733 
2.35768136076932 0.276615205990964 0.0917960783516772 
2.36698691323401 0.275825595874943 0.092065596050865 
2.37643417251305 0.27500886002432 0.0923283588268826 
2.38602864488217 0.274164118597183 0.0925840651388031 
2.39577619887666 0.273290439368311 0.0928323962361961 
2.40568309962083 0.272386832941823 0.0930730146467301 
2.41575604746709 0.271452247372983 0.0933055624812026 
2.42600222162636 0.270485562106602 0.093529659527803 
2.43642932960283 0.269485581121803 0.0937449011020744 
2.4470456634075 0.268451025151094 0.0939508556124797 
2.45786016372494 0.267380522814826 0.0941470617933843 
2.46888249345597 0.266272600478635 0.094333025547222 
2.48012312237101 0.265125670599596 0.0945082163250456 
2.49159342500128 0.263938018273982 0.0946720629588529 
2.5033057943953 0.26270778563249 0.0948239488390179 
2.51527377500815 0.261432953642838 0.094963206304508 
2.52744279385124 0.260118868564154 0.0950884427238207 
2.53970376832648 0.25877723584341 0.0951981152221856 
2.55198820297704 0.257415878471598 0.0952915583437542 
2.56425440620366 0.256039978393102 0.0953686297102494 
2.57647795028263 0.254652962049572 0.0954294844800115 
2.58864532756904 0.25325710574523 0.0954744378601108 
2.60074983390931 0.251853939052449 0.0955038839377099 
2.61278893943851 0.250444509377146 0.0955182491032922 
2.62476262808311 0.24902955369159 0.0955179661436034 
2.63667235819858 0.247609609252961 0.0955034604250988 
2.64852041742806 0.246185084659527 0.0954751430138508 
2.66030952597002 0.244756305311856 0.095433407691993 
2.67204259549308 0.243323542439458 0.0953786301046419 
2.68372258507817 0.241887031612161 0.0953111680260355 
2.69535241731784 0.240446984541051 0.0952313621750479 
2.70693493146922 0.239003596605538 0.0951395372654267 
2.71847285923145 0.237557051662602 0.0950360031219108 
2.72996881416746 0.236107525129777 0.0949210557755851 
2.7414252892039 0.234655185972647 0.094794978497404 
2.75284465877719 0.23320019799752 0.0946580427534955 
2.76422918352457 0.231742720703417 0.0945105090787784 
2.7755810162468 0.230282909854432 0.0943526278718087 
2.78690220838227 0.228820917874365 0.0941846401166083 
2.79819471654857 0.227356894128076 0.0940067780381917 
2.80946040890171 0.225890985130269 0.0938192656985183 
2.82070107118131 0.224423334707405 0.0936223195391793 
2.83191841238042 0.222954084128952 0.0934161488765288 
2.84311407002062 0.221483372218221 0.093200956354343 
2.85428961503664 0.220011335449234 0.0929769383584889 
2.86544655628783 0.218538108033733 0.0927442853975404 
2.87658634471986 0.217063822000917 0.0925031824528016 
2.88771037720291 0.215588607271575 0.0922538093007777 
2.89882000007269 0.214112591727707 0.0919963408107728 
2.90991651239969 0.212635901278324 0.091730947219981 
2.92100116901057 0.211158659921921 0.0914577943881676 
2.93207518328373 0.209680989805968 0.091177044033804 
2.94313972973909 0.208203011283649 0.090888853953314 
2.95419594644053 0.206724842968059 0.0905933782249144 
2.9652449372274 0.205246601784003 0.0902907673983771 
2.97628777379007 0.203768403017532 0.0899811686719035 
2.98732549760302 0.202290360363335 0.0896647260571816 
2.99835912172761 0.200812585970088 0.0893415805335927 
3.00938963249559 0.19933519048386 0.0890118701924384 
3.02041799108311 0.197858283089666 0.0886757303719768 
3.03144513498444 0.196381971551252 0.0883332937839833 
3.0424719793933 0.194906362249203 0.087984690632485 
3.05349941849935 0.193431560217435 0.087630048725257 
3.0645283267065 0.191957669178156 0.0872694935786207 
3.07555955977901 0.190484791575372 0.0869031485160316 
3.08659395592118 0.189013028606989 0.0865311347609061 
3.09763233679539 0.187542480255589 0.0861535715240943 
3.1086755084834 0.186073245317937 0.0857705760863764 
3.11972426239491 0.184605421433269 0.0853822638763234 
3.13077937612739 0.183139105110432 0.0849887485438396 
3.14184161428068 0.18167439175391 0.0845901420296766 
3.15291172922962 0.180211375688807 0.0841865546311839 
3.16399046185769 0.17875015018481 0.0837780950645449 
3.1750785422545 0.177290807479195 0.0833648705237215 
3.18617669037952 0.175833438798917 0.08294698673632 
3.19728561669455 0.174378134381811 0.0825245480165691 
3.20840602276703 0.172924983496959 0.0820976573155904 
3.21953860184614 0.171474074464253 0.0816664162691266 
3.23068403941366 0.17002549467318 0.0812309252428815 
3.24184301371123 0.168579330600879 0.0807912833756135 
3.25301619624561 0.167135667829488 0.0803475886201159 
3.26420425227343 0.165694591062813 0.0798999377822064 
3.27540784126691 0.164256184142351 0.0794484265578408 
3.28662761736162 0.162820530062693 0.0789931495684564 
3.2978642297877 0.161387710986329 0.0785342003946466 
3.30911832328551 0.159957808257879 0.0780716716082563 
3.32039053850689 0.158530902417782 0.0776056548029873 
3.33168151240281 0.157107073215447 0.0771362406235929 
3.34299187859856 0.155686399621911 0.0766635187937376 
3.35432226775719 0.154268959841999 0.0761875781425927 
3.36567330793205 0.15285483132602 0.0757085066302332 
3.37704562490918 0.151444090781016 0.075226391371899 
3.38843984254031 0.150036814181572 0.0747413186611773 
3.39985658306707 0.148633076780213 0.0742533739921614 
3.41129646743715 0.147232953117398 0.073762642080637 
3.42276011561292 0.145836517031128 0.0732692068843429 
3.43424814687308 0.144443841666178 0.0727731516223531 
3.44576118010804 0.143054999482972 0.0722745587936207 
3.45729983410927 0.141670062266111 0.0717735101947247 
3.46886472785342 0.140289101132559 0.0712700869368571 
3.48045648078141 0.13891218653952 0.0707643694620852 
3.49207571307311 0.137539388291983 0.0702564375589232 
3.50372304591795 0.136170775549981 0.0697463703772435 
3.51539910178195 0.134806416835548 0.0692342464425579 
3.5271045046714 0.133446380039396 0.0687201436696976 
3.53883988039384 0.132090732427319 0.0682041393759163 
3.55060585681637 0.130739540646331 0.0676863102934433 
3.56240306412192 0.129392870730543 0.0671667325815092 
3.57423213506373 0.128050788106796 0.0666454818378669 
3.58609370521825 0.126713357600052 0.0661226331098287 
3.59798841323699 0.125380643438544 0.0655982609048398 
3.60991690109745 0.124052709258707 0.0650724392006065 
3.62187981435359 0.122729618109878 0.0645452414547984 
3.63387780238597 0.121411432458791 0.0640167406143393 
3.645911518652 0.120098214193852 0.0634870091243054 
3.65798162093653 0.11879002462922 0.0629561189364436 
3.67008877160303 0.117486924508682 0.062424141517327 
3.6822336378457 0.11618897400934 0.0618911478561584 
3.69441689194276 0.114896232745106 0.0613572084722373 
3.70663921151115 0.113608759770015 0.0608223934221013 
3.718901279763 0.11232661358136 0.0602867723063542 
3.73120378576412 0.11104985212265 0.0597504142761915 
3.74354742469468 0.109778532786396 0.0592133880396348 
3.75593289811249 0.108512712416733 0.0586757618674839 
3.76836091421908 0.107252447311876 0.0581376035989968 
3.7808321881289 0.105997793226418 0.057598980647307 
3.79334744214181 0.104748805373467 0.0570599600045858 
3.80590740601928 0.103505538426636 0.0565206082469594 
3.8185128172645 0.102268046521875 0.0559809915391858 
3.83116442140668 0.101036383259161 0.0554411756391024 
3.84386297228989 0.0998106017040416 0.0549012259018485 
3.85660923236664 0.0985907543890317 0.0543612072838708 
3.86940397299665 0.0973768933148762 0.0538211843467181 
3.88224797475092 0.0961690699516703 0.0532812212606305 
3.89514202772157 0.094967335239846 0.0527413818079307 
3.90808693183775 0.0937717395910241 0.0522017293862197 
3.92108349718786 0.0925823328887344 0.0516623270113859 
3.93413254434853 0.0913991644890057 0.0511232373204295 
3.94723490472058 0.0902222832208277 0.0505845225741085 
3.9603914208725 0.089051737386485 0.0500462446594099 
3.97360294689159 0.0878875747617669 0.0495084650918512 
3.98687034874337 0.0867298425960519 0.0489712450176153 
4.00019450463948 0.0855785876122698 0.0484346452155232 
4.01357630541452 0.0844338560067422 0.0478987260988479 
4.02701665491233 0.0832956934489018 0.0473635477169732 
4.04051647038206 0.0821641450808922 0.0468291697568995 
4.05407668288445 0.0810392555170486 0.0462956515446019 
4.06769823770893 0.0799210688432603 0.0457630520462407 
4.08138209480189 0.0788096286162159 0.0452314298692295 
4.09512922920665 0.0777049778625316 0.0447008432631618 
4.10894063151572 0.0766071590777622 0.0441713501205996 
4.12281730833584 0.0755162142252974 0.0436430079777253 
4.13676028276639 0.0744321847351416 0.0431158740148601 
4.15077059489172 0.0733551115025781 0.0425900050568498 
4.16484930228813 0.0722850348867182 0.0420654575733211 
4.17899748054599 0.0712219947089356 0.0415422876788088 
4.19321622380783 0.0701660302511844 0.0410205511327567 
4.20750664532301 0.0691171802542028 0.0405003033393933 
4.22186987801968 0.0680754829156006 0.0399815993474829 
4.23630707509496 0.0670409758878313 0.0394644938499551 
4.25081941062395 0.0660136962760483 0.0389490411834124 
4.26540808018858 0.0649936806358435 0.0384352953275171 
4.28007430152705 0.0639809649708706 0.0379233099042599 
4.29481931520489 0.0629755847303492 0.0374131381771089 
4.30964438530864 0.0619775748064516 0.0369048330500416 
4.32455080016301 0.0609869695315704 0.0363984470664599 
4.33953987307283 0.0600038026754658 0.0358940324079883 
4.35461294309068 0.0590281074422933 0.0353916408931564 
4.36977137581158 0.0580599164675084 0.0348913239759664 
4.38501656419597 0.0570992618146495 0.0343931327443447 
4.4003499294221 0.0561461749719963 0.0338971179184789 
4.41577292176953 0.055200686849103 0.0334033298490408 
4.43128702153494 0.0542628277732057 0.0329118185152936 
4.44689373998193 0.0533326274855008 0.0324226335230854 
4.46259462032638 0.0524101151372949 0.031935824102728 
4.47839123875913 0.0514953192860225 0.0314514391067605 
4.49428520550775 0.0505882678911325 0.0309695270075984 
4.51027816593935 0.0496889883098383 0.0304901358950672 
4.5263718017064 0.0487975072927333 0.0300133134738209 
4.54256783193777 0.0479138509792663 0.0295391070606436 
4.55886801447723 0.0470380448930775 0.0290675635816359 
4.57527414717176 0.0461701139371911 0.0285987295692834 
4.59178806921232 0.0453100823890632 0.028132651159408 
4.60841166252962 0.0444579738954824 0.0276693740880013 
4.62514685324793 0.0436138114673197 0.0272089436879386 
4.64199561319981 0.0427776174741269 0.0267514048855736 
4.65895996150504 0.0419494136385789 0.0262968021972126 
4.67604196621721 0.0411292210307577 0.0258451797254675 
4.69324374604156 0.0403170600622764 0.0253965811554866 
4.71056747212794 0.0395129504802372 0.0249510497510622 
4.72801536994306 0.038716911361024 0.0245086283506144 
4.74558972122637 0.0379289611039223 0.0240693593630497 
4.76329286603431 0.0371491174245662 0.0236332847634936 
4.78112720487785 0.036377397348207 0.0232004460888965 
4.79909520095877 0.0356138172028005 0.0227708844335108 
4.81719938251026 0.0348583926119084 0.0223446404442398 
4.83544234524804 0.0341111384874112 0.0219217543158558 
4.8538267549384 0.0333720690220271 0.0215022657860876 
4.87235535009034 0.032641197681633 0.0210862141305754 
4.89103094477903 0.031918537197384 0.0206736381576932 
4.90985643160892 0.0312040995576257 0.0202645762032374 
4.92883478482485 0.0304978959995959 0.01985906612498 
4.94796906358058 0.0297999370009102 0.0194571452970878 
4.96726241537471 0.0291102322708263 0.0190588506044047 
4.98671807966455 0.0284287907412833 0.0186642184365983 
5.00633939166972 0.0277556205577094 0.0182732846821696 
5.02612978637769 0.0270907290695945 0.0178860847223269 
5.04609280276491 0.0264341228208202 0.0175026534247229 
5.06623208824794 0.0257858075397447 0.0171230251370563 
5.08655140338026 0.0251457881290345 0.0167472336805383 
5.10705462681185 0.0245140686552396 0.016375312343226 
5.12774576052992 0.0238906523381053 0.0160072938732233 
5.14862893540074 0.0232755415396168 0.015643210471753 
5.16970841703444 0.0226687377527695 0.0152830937861012 
5.19098861199614 0.0220702415900617 0.0149269749024396 
5.21247407438937 0.0214800527717035 0.0145748843385281 
5.23416951283974 0.0208981701135376 0.0142268520363052 
5.25607979790927 0.0203245915146684 0.0138829073543704 
5.27820996997516 0.0197593139447937 0.0135430790603686 
5.30056524760926 0.0192023334312379 0.0132073953232837 
5.32315103649858 0.0186536450456822 0.0128758837056543 
5.34597293895067 0.018113242890591 0.0125485711557223 
5.36903676403241 0.0175811200853334 0.0122254839995311 
5.39234853839531 0.0170572687520005 0.0119066479329908 
5.41591451784613 0.0165416800009203 0.0115920880139303 
5.43974119972756 0.0160343439158746 0.0112818286541612 
5.46383533618071 0.0155352495390233 0.010975893611582 
5.48820394836883 0.0150443848555459 0.0106743059823548 
5.51285434175044 0.014561736778012 0.0103770881931929 
5.53779412249994 0.0140872911304963 0.0100842619938045 
5.56303121518499 0.0136210326324598 0.00979584844954427 
5.58857388182252 0.0131629448824228 0.00951186793433227 
5.6144307424499 0.0127130103414628 0.00923234012391279 
5.64061079736427 0.0122712103165788 0.00895728398953357 
5.66712345120172 0.0118375249439723 0.00868671779214227 
5.69397853904991 0.0114119331723065 0.00842065907721233 
5.72118635481266 0.0109944127460214 0.0081591246703293 
5.74875768207337 0.0105849401887965 0.00790213067369153 
5.77670382773789 0.0101834907872732 0.00764969246370552 
5.80503665877557 0.00979003857517627 0.00740182468988817 
5.83376864242232 0.00940455631799836 0.00715854127532538 
5.8629128902615 0.00902701549845098 0.006919855418982 
5.89248320666032 0.00865738630292668 0.00668577960021155 
5.92249414211068 0.00829563760927007 0.00645632558587908 
5.95296105210925 0.00794173697621957 0.00623150444058873 
5.9839001623114 0.00759565063496048 0.00601132654060174 
6.01532864081386 0.00725734348332649 0.00579580159214572 
6.04726467856358 0.0069267790833061 0.00558493865495579 
6.07972757906168 0.00660391966265776 0.00537874617205985 
6.11273785873777 0.00628872612162109 0.00517723200703071 
6.14631735962001 0.00598115804594037 0.00498040349018884 
6.18048937623029 0.00568117372770324 0.00478826747556295 
6.21527879900609 0.00538873019585931 0.00460083041081962 
6.25071227700842 0.00510378325874061 0.00441809842288041 
6.28681840324189 0.00482628756148911 0.00424007742258529 
6.32362792661914 0.00455619666204216 0.00406677323257451 
6.36117399548683 0.00429346313028893 0.00389819174360162 
6.39949243874871 0.00403803867625831 0.00373433910582937 
6.43862209204464 0.00378987431482898 0.0035752219633986 
6.47860517826991 0.00354892057659918 0.00342084774283209 
6.5194877540827 0.00331512777740325 0.00327122500883289 
6.56132023713466 0.00308844636277979 0.00312636390502525 
6.60415803283237 0.00286882734885868 0.00298627670254776 
6.6480622848706 0.0026562228881889 0.00285097848669168 
6.69310078110793 0.00245058699877844 0.00272048802178502 
6.73934905637273 0.00225187650825663 0.00259482884844714 
6.7868917476647 0.00206005228440639 0.00247403068697677 
6.83567084075156 0.00187564148879337 0.00235848150251422 
6.88555745581745 0.0016993157110843 0.00224865527541616 
6.93647579227029 0.00153142217077487 0.00214481719548215 
6.98838254250261 0.00137211896281049 0.00204711066842446 
7.04125356159075 0.00122145734349046 0.00195561023782395 
7.09507524912385 0.00107943159442993 0.00187035364793118 
7.14983891454882 0.000946009516620916 0.00179136145707232 
7.20553699941403 0.000821151574218475 0.00171864937163805 
7.2621604407738 0.000704823521838213 0.00165223641909398 
7.31969673014591 0.000597005395183871 0.001592150820437 
7.37812839720931 0.000497698565644586 0.00153843466389457 
7.43743176038283 0.000406931851460934 0.00149114802672339 
7.49757586020373 0.00032476725006296 0.00145037291736248 
7.5585215405952 0.000251305591525191 0.00141621724044317 
7.62022067663292 0.000186692241952632 0.00138881887694867 
7.68261557046864 0.000131122867219023 0.00136834989452601 
7.74563855230832 8.48491790301205E-05 0.00135502084357531 
7.80921183181191 4.8184515358659E-05 0.00134908504566387 
7.87324764705701 2.15090518486465E-05 0.00135084273932346 
7.93764875295643 5.27440057072005E-06 0.00136064491500031 
8 4.61933553872096E-23 0.00137809517886058 
