-6.28318530717959 0.0393558438639239 0.0393558438639239 0.0393558438639239
-6.27060635761566 0.0381411802285507 0.0379000873503058 0.0379000873503058
-6.25802740805174 0.0368619577324918 0.0364443308366878 0.0364443308366878
-6.24544845848782 0.0355199077267848 0.0349885743230697 0.0349885743230697
-6.23286950892389 0.0341168657775459 0.0335328178094517 0.0335328178094517
-6.22029055935997 0.0326547692525823 0.0320770612958336 0.0320770612958336
-6.20771160979605 0.0311356547426099 0.0306213047822156 0.0306213047822156
-6.19513266023212 0.029561655320378 0.0291655482685974 0.0291655482685974
-6.1825537106682 0.0279349976412547 0.0277097917549794 0.0277097917549794
-6.16997476110428 0.0262579988890834 0.0262540352413613 0.0262540352413613
-6.15739581154036 0.0245330635713696 0.0247982787277432 0.0247982787277432
-6.14481686197643 0.0227626801680987 0.0233425222141252 0.0233425222141252
-6.13223791241251 0.0209494176387276 0.0218867657005071 0.0218867657005071
-6.11965896284859 0.0190959217921197 0.0204310091868891 0.0204310091868891
-6.10708001328466 0.017204911524423 0.018975252673271 0.018975252673271
-6.09450106372074 0.015279174930107 0.017519496159653 0.017519496159653
-6.08192211415682 0.0133215652915899 0.0160637396460349 0.0160637396460349
-6.06934316459289 0.0113349969530854 0.0146079831324169 0.0146079831324169
-6.05676421502897 0.00932244108450296 0.0131522266187988 0.0131522266187988
-6.04418526546505 0.00728692134141643 0.0116964701051807 0.0116964701051807
-6.03160631590112 0.00523150942730493 0.0102407135915626 0.0102407135915626
-6.0190273663372 0.00315932056443218 0.00878495707794454 0.00878495707794454
-6.00644841677328 0.0010735088798974 0.00732920056432648 0.00732920056432648
-5.99386946720935 -0.00102273728645061 0.00587344405070843 0.00587344405070843
-5.98129051764543 -0.00312620014541193 0.00441768753709037 0.00441768753709037
-5.96871156808151 -0.0052336372861793 0.00296193102347232 0.00296193102347232
-5.95613261851759 -0.00734178656133697 0.00150617450985426 0.00150617450985426
-5.94355366895366 -0.00944737102191589 5.04179962362086E-05 5.04179962362086E-05
-5.93097471938974 -0.0115471038951962 -0.00140533851738185 -0.00140533851738185
-5.91839576982582 -0.0136376935978603 -0.00286109503099991 -0.00286109503099991
-5.90581682026189 -0.0157158487770134 -0.00431685154461796 -0.00431685154461796
-5.89323787069797 -0.0177782833715221 -0.00577260805823601 -0.00577260805823601
-5.88065892113405 -0.0198217216860568 -0.00722836457185407 -0.00722836457185407
-5.86807997157012 -0.0218429034701808 -0.00868412108547222 -0.00868412108547222
-5.8555010220062 -0.0238385889947808 -0.0101398775990903 -0.0101398775990903
-5.84292207244228 -0.0258055641181243 -0.0115956341127083 -0.0115956341127083
-5.83034312287835 -0.0277406453337979 -0.0130513906263264 -0.0130513906263264
-5.81776417331443 -0.0296406847927866 -0.0145071471399444 -0.0145071471399444
-5.80518522375051 -0.0315025752919644 -0.0159629036535625 -0.0159629036535625
-5.79260627418659 -0.03332325522128 -0.0174186601671806 -0.0174186601671806
-5.78002732462266 -0.0350997134619601 -0.0188744166807986 -0.0188744166807986
-5.76744837505874 -0.0368289942280917 -0.0203301731944167 -0.0203301731944167
-5.75486942549482 -0.0385082018440036 -0.0217859297080347 -0.0217859297080347
-5.74229047593089 -0.0401345054499331 -0.0232416862216528 -0.0232416862216528
-5.72971152636697 -0.041705143628541 -0.0246974427352709 -0.0246974427352709
-5.71713257680305 -0.0432174289449295 -0.0261531992488889 -0.0261531992488889
-5.70455362723912 -0.0446687523929206 -0.027608955762507 -0.027608955762507
-5.6919746776752 -0.0460565877404603 -0.0290647122761251 -0.0290647122761251
-5.67939572811128 -0.0473784957671421 -0.0305204687897432 -0.0305204687897432
-5.66681677854735 -0.0486321283869778 -0.0319762253033612 -0.0319762253033612
-5.65423782898343 -0.0498152326496856 -0.0334319818169793 -0.0334319818169793
-5.64165887941951 -0.0509256546139262 -0.0348877383305973 -0.0348877383305973
-5.62907992985559 -0.0519613430860798 -0.0363434948442154 -0.0363434948442154
-5.61650098029166 -0.0529203532183395 -0.0377992513578334 -0.0377992513578334
-5.60392203072774 -0.053800849960077 -0.0392550078714515 -0.0392550078714515
-5.59134308116382 -0.0546011113566394 -0.0407107643850695 -0.0407107643850695
-5.57876413159989 -0.0553195316899359 -0.0421665208986876 -0.0421665208986876
-5.56618518203597 -0.0559546244553966 -0.0436222774123057 -0.0436222774123057
-5.55360623247205 -0.0565050251701005 -0.0450780339259237 -0.0450780339259237
-5.54102728290812 -0.0569694940071131 -0.0465337904395419 -0.0465337904395419
-5.5284483333442 -0.0573469182513058 -0.0479895469531599 -0.0479895469531599
-5.51586938378028 -0.0576363145721863 -0.049445303466778 -0.049445303466778
-5.50329043421635 -0.0578368311095232 -0.050901059980396 -0.050901059980396
-5.49071148465243 -0.0579477493678113 -0.0523568164940141 -0.0523568164940141
-5.47813253508851 -0.0579684859158976 -0.0538125730076321 -0.0538125730076321
-5.46555358552459 -0.0578985938883672 -0.0552683295212502 -0.0552683295212502
-5.45297463596066 -0.0577377642855674 -0.0567240860348682 -0.0567240860348682
-5.44039568639674 -0.0574858270694444 -0.0568602086581239 -0.058171916819415
-5.42781673683282 -0.057142752052658 -0.0550168804458358 -0.0595385088809816
-5.41523778726889 -0.0567086495787427 -0.0531735522335476 -0.0608060293291575
-5.40265883770497 -0.0561837709913858 -0.0513302240212593 -0.061974478163943
-5.39007988814105 -0.055568508891205 -0.0494868958089713 -0.0630438553853377
-5.37750093857712 -0.0548633971787182 -0.047643567596683 -0.064014160993342
-5.3649219890132 -0.0540691108825159 -0.0458002393843948 -0.0648853949879557
-5.35234303944928 -0.053186465771962 -0.0439569111721066 -0.0656575573691788
-5.33976408988535 -0.0522164177540745 -0.0421135829598185 -0.0663306481370113
-5.32718514032143 -0.0511600620545552 -0.0402702547475303 -0.0669046672914532
-5.31460619075751 -0.0500186321832643 -0.0384269265352422 -0.0673796148325045
-5.30202724119358 -0.0487934986847599 -0.036583598322954 -0.0677554907601653
-5.28944829162966 -0.0474861676748483 -0.0347402701106658 -0.0680322950744355
-5.27686934206574 -0.0460982791644132 -0.0328969418983776 -0.0682100277753151
-5.26429039250182 -0.0446316051721199 -0.0310536136860895 -0.0682886888628041
-5.25171144293789 -0.043088047627914 -0.0292102854738013 -0.0682682783369026
-5.23913249337397 -0.0414696360695508 -0.027366957261513 -0.0681487961976105
-5.22655354381005 -0.0397785251347181 -0.025523629049225 -0.0679302424449278
-5.21397459424612 -0.0380169918516279 -0.0236803008369367 -0.0676126170788545
-5.2013956446822 -0.0361874327312702 -0.0218369726246485 -0.0671959200993906
-5.18881669511828 -0.0342923606648274 -0.0199936444123604 -0.0666801515065362
-5.17623774555435 -0.032334401630061 -0.0181503162000722 -0.0660653113002912
-5.16365879599043 -0.0303162912107829 -0.016306987987784 -0.0653513994806556
-5.15107984642651 -0.0282408709338164 -0.0144636597754959 -0.0645384160476294
-5.13850089686258 -0.0261110844281505 -0.0126203315632077 -0.0636263610012127
-5.12592194729866 -0.0239299734112758 -0.0107770033509195 -0.0626152343414054
-5.11334299773474 -0.0217006735079673 -0.00893367513863137 -0.0615050360682075
-5.10076404817082 -0.0194264099070568 -0.0070903469263432 -0.060295766181619
-5.08818509860689 -0.0171104928620008 -0.00524701871405504 -0.05898742468164
-5.07560614904297 -0.014756313041313 -0.00340369050176674 -0.0575800115682703
-5.06302719947905 -0.0123673367351757 -0.0015603622894787 -0.0560735268415102
-5.05044824991512 -0.00994710092478896 0.000282965922809596 -0.0544679705013593
-5.0378693003512 -0.00749920822125648 0.00212629413509776 -0.0527633425478179
-5.02529035078728 -0.00502732168101841 0.00396962234738592 -0.050959642980886
-5.01271140122335 -0.00253515950506991 0.00581295055967409 -0.0490568718005635
-5.00013245165943 -2.64896294025887E-05 0.00765627877196225 -0.0470550290068504
-4.98755350209551 0.00249487578569982 0.00949960698425042 -0.0449541145997467
-4.97497455253158 0.00502508595968977 0.0113429351965386 -0.0427541285792525
-4.96239560296766 0.00756025718112006 0.0131862634088268 -0.0404550709453676
-4.94981665340374 0.0100964785741857 0.0150295916211149 -0.0380569416980922
-4.93723770383982 0.012629817934141 0.0168729198334031 -0.0355597408374263
-4.92465875427589 0.0151563276231437 0.0187162480456913 -0.0329634683633697
-4.91207980471197 0.017672050517956 0.0205595762579795 -0.0302681242759224
-4.89950085514805 0.0201730260008099 0.0224029044702676 -0.0274737085750849
-4.88692190558412 0.0226552959846528 0.0242462326825559 -0.0245802212608564
-4.8743429560202 0.0251149109638811 0.0260895608948441 -0.0215876623332375
-4.86176400645628 0.0275479360816123 0.0279328891071322 -0.0184960317922281
-4.84918505689235 0.0299504572044653 0.0297762173194204 -0.0153053296378281
-4.83660610732843 0.0323185869957734 0.0316195455317085 -0.0120155558700375
-4.82402715776451 0.0346484709781182 0.0334628737439967 -0.00862671048885632
-4.81144820820058 0.0369362935760414 0.0353062019562849 -0.00513879349428459
-4.79886925863666 0.0391782841297857 0.037149530168573 -0.00155180488632226
-4.78629030907274 0.0413707228709128 0.0389928583808612 0.00213425533503064
-4.77371135950881 0.0435099468506673 0.0408361865931495 0.00591938716977439
-4.76113240994489 0.0455923558119754 0.0426795148054375 0.00980359061790816
-4.74855346038097 0.0476144179960236 0.0445228430177258 0.0137868656794331
-4.73597451081705 0.0495726758743995 0.0463661712300139 0.017869212354348
-4.72339556125312 0.0514637517978682 0.0482094994423022 0.0220506306426541
-4.7108166116892 0.0532843535529194 0.0500528276545903 0.0263311205443505
-4.69823766212528 0.0550312798173352 0.0518961558668785 0.0307106820594374
-4.68565871256135 0.0567014255061243 0.0537394840791667 0.0351893151879149
-4.67307976299743 0.0582917869992997 0.0555828122914548 0.039767019929783
-4.66050081343351 0.0597994672431108 0.057426140503743 0.0444437962850417
-4.64792186386958 0.0612216807164872 0.0592694687160312 0.0492196442536909
-4.63534291430566 0.0625557582546183 0.0611127969283193 0.0540945638357308
-4.62276396474174 0.0637991517217624 0.0629561251406075 0.0590685550311612
-4.61018501517781 0.0649494385255701 0.0647994533528958 0.0641416178399825
-4.59760606561389 0.0660043259654007 0.0637143867885277 0.0692151705163907
-4.58502711604997 0.0669616554073281 0.0618972215299955 0.0740858882096681
-4.57244816648605 0.0678194062787477 0.0600800562714636 0.0787476095607009
-4.55986921692212 0.0685756998757371 0.0582628910129314 0.0832003345694903
-4.5472902673582 0.0692288029765607 0.0564457257543994 0.0874440632360353
-4.53471131779428 0.0697771312549739 0.0546285604958673 0.0914787955603363
-4.52213236823035 0.0702192524872382 0.0528113952373353 0.0953045315423932
-4.50955341866643 0.0705538895470443 0.0509942299788032 0.0989212711822061
-4.49697446910251 0.0707799231828196 0.0491770647202712 0.102329014479775
-4.48439551953858 0.0708963945721975 0.0473598994617391 0.1055277614351
-4.47181656997466 0.0709025076487257 0.045542734203207 0.108517512048181
-4.45923762041074 0.0707976311962072 0.043725568944675 0.111298266319017
-4.44665867084681 0.0705813007063878 0.0419084036861428 0.11387002424761
-4.43407972128289 0.0702532199960322 0.0400912384276109 0.116232785833959
-4.42150077171897 0.069813262579768 0.0382740731690787 0.118386551078064
-4.40892182215504 0.0692614727954198 0.0364569079105467 0.120331319979924
-4.39634287259112 0.0685980666789045 0.0346397426520146 0.122067092539541
-4.3837639230272 0.0678234325861137 0.0328225773934826 0.123593868756913
-4.37118497346328 0.0669381315595716 0.0310054121349505 0.124911648632042
-4.35860602389935 0.0659428974380198 0.0291882468764185 0.126020432164926
-4.34602707433543 0.0648386367074514 0.0273710816178864 0.126920219355567
-4.33344812477151 0.0636264280924905 0.0255539163593544 0.127611010203963
-4.32086917520758 0.0623075218873895 0.0237367511008223 0.128092804710116
-4.30829022564366 0.0608833390262963 0.0219195858422903 0.128365602874024
-4.29571127607974 0.0593554698928248 0.0201024205837582 0.128429404695688
-4.28313232651581 0.0577256728693482 0.018285255325226 0.128284210175108
-4.27055337695189 0.0559958726268152 0.0164680900666941 0.127930019312285
-4.25797442738797 0.0541681581562754 0.0146509248081619 0.127366832107217
-4.24539547782405 0.0522447805436917 0.01283375954963 0.126594648559905
-4.23281652826012 0.0502281504899876 0.0110165942910978 0.125613468670349
-4.2202375786962 0.0481208355786814 0.00919942903256576 0.124423292438549
-4.20765862913228 0.0459255572938175 0.00738226377403371 0.123024119864505
-4.19507967956835 0.0436451877913078 0.00556509851550166 0.121415950948217
-4.18250073000443 0.0412827464271539 0.00374793325696961 0.119598785689685
-4.16992178044051 0.0388413960464073 0.00193076799843755 0.117572624088909
-4.15734283087658 0.0363244390370863 0.000113602739905502 0.115337466145889
-4.14476388131266 0.0337353131536398 -0.00170356251862668 0.112893311860624
-4.13218493174874 0.031077587114902 -0.00352072777715859 0.110240161233116
-4.11960598218481 0.0283549559818394 -0.00533789303569078 0.107378014263364
-4.10702703262089 0.0255712363207465 -0.00715505829422269 0.104306870951368
-4.09444808305697 0.0227303611578705 -0.00897222355275488 0.101026731297127
-4.08186913349305 0.0198363747318058 -0.0107893888112868 0.0975375953006433
-4.06929018392912 0.0168934270502982 -0.012606554069819 0.0938394629619146
-4.0567112343652 0.0139057682584443 -0.014423719328351 0.0899323342809422
-4.04413228480128 0.0108777428255583 -0.0162408845868831 0.0858162092577258
-4.03155333523735 0.00781378355829907 -0.0180580498454151 0.0814910878922653
-4.01897438567343 0.00471840544792688 -0.0198752151039472 0.0769569701845607
-4.00639543610951 0.00159619935985259 -0.0216923803624792 0.0722138561346122
-3.99381648654558 -0.00154817442609731 -0.0235095456210113 0.0672617457424196
-3.98123753698166 -0.00470999281600667 -0.0253267108795434 0.0621006390079827
-3.96865858741774 -0.00788447663385316 -0.0271438761380755 0.0567305359313021
-3.95607963785381 -0.0110667974759727 -0.0289610413966075 0.0511514365123773
-3.94350068828989 -0.0142520846786078 -0.0307782066551396 0.0453633407512086
-3.93092173872597 -0.0174354323889254 -0.0325953719136716 0.0393662486477958
-3.91834278916204 -0.0206119067296987 -0.0344125371722037 0.0331601602021389
-3.90576383959812 -0.0237765530476508 -0.0362297024307358 0.0267450754142378
-3.8931848900342 -0.0269244032352945 -0.0380468676892678 0.0201209942840929
-3.88060594047028 -0.0300504831159401 -0.0398640329477999 0.013287916811704
-3.86802699090635 -0.0331498198813953 -0.0416811982063319 0.00624584299707101
-3.85544804134243 -0.0362174495717598 -0.043498363464864 -0.00100522715980597
-3.84286909177851 -0.0392484245865907 -0.045315528723396 -0.00846529365892709
-3.83029014221458 -0.042237821216625 -0.0471326939819281 -0.0161343565002921
-3.81771119265066 -0.0451807471851507 -0.0489498592404602 -0.0240124156839016
-3.80513224308674 -0.0480723491880544 -0.0507670244989923 -0.0320994712097547
-3.79255329352281 -0.0509078204215161 -0.0525841897575243 -0.0403955230778519
-3.77997434395889 -0.05368240808628 -0.0544013550160564 -0.0489005712881931
-3.76739539439497 -0.0563914208574134 -0.0556183929350948 -0.057604453802886
-3.75481644483104 -0.0590302363084494 -0.0544349214961584 -0.0661718233714797
-3.74223749526712 -0.0615943082788268 -0.053251450057222 -0.0744400873876955
-3.7296585457032 -0.0640791741735542 -0.0520679786182856 -0.0824092458515328
-3.71707959613927 -0.0664804621840779 -0.0508845071793492 -0.0900792987629919
-3.70450064657535 -0.0687938984193751 -0.0497010357404129 -0.0974502461220727
-3.69192169701143 -0.0710153139363807 -0.0485175643014765 -0.104522087928775
-3.67934274744751 -0.0731406516589303 -0.0473340928625401 -0.1112948241831
-3.66676379788358 -0.0751659731745179 -0.0461506214236037 -0.117768454885046
-3.65418484831966 -0.077087465398277 -0.0449671499846673 -0.123942980034614
-3.64160589875574 -0.0789014470937359 -0.043783678545731 -0.129818399631804
-3.62902694919181 -0.0806043752400448 -0.0426002071067946 -0.135394713676615
-3.61644799962789 -0.0821928512355414 -0.0414167356678582 -0.140671922169049
-3.60386905006397 -0.0836636269277018 -0.0402332642289218 -0.145650025109104
-3.59129010050004 -0.0850136104597205 -0.0390497927899855 -0.15032902249678
-3.57871115093612 -0.0862398719241756 -0.037866321351049 -0.154708914332079
-3.5661322013722 -0.0873396488144604 -0.0366828499121127 -0.158789700615
-3.55355325180827 -0.0883103512649049 -0.0354993784731763 -0.162571381345542
-3.54097430224435 -0.0891495670707617 -0.0343159070342399 -0.166053956523706
-3.52839535268043 -0.0898550664795049 -0.0331324355953035 -0.169237426149491
-3.51581640311651 -0.0904248067451649 -0.0319489641563672 -0.172121790222899
-3.50323745355258 -0.0908569364377251 -0.0307654927174307 -0.174707048743928
-3.49065850398866 -0.0911497994999064 -0.0295820212784944 -0.176993201712579
-3.47807955442474 -0.0913019390439916 -0.028398549839558 -0.178980249128852
-3.46550060486081 -0.0913121008816688 -0.0272150784006216 -0.180668190992747
-3.45292165529689 -0.0911792367802206 -0.0260316069616852 -0.182057027304263
-3.44034270573297 -0.090902507438737 -0.0248481355227489 -0.183146758063401
-3.42776375616904 -0.0904812851783962 -0.0236646640838125 -0.183937383270161
-3.41518480660512 -0.0899151563412344 -0.0224811926448761 -0.184428902924543
-3.4026058570412 -0.0892039233922086 -0.0212977212059397 -0.184621317026546
-3.39002690747727 -0.088347606719751 -0.0201142497670033 -0.184514625576171
-3.37744795791335 -0.0873464461304172 -0.0189307783280669 -0.184108828573418
-3.36486900834943 -0.0862009020336412 -0.0177473068891306 -0.183403926018287
-3.35229005878551 -0.0849116563130285 -0.0165638354501942 -0.182399917910778
-3.33971110922158 -0.0834796128810434 -0.0153803640112578 -0.18109680425089
-3.32713215965766 -0.0819058979143807 -0.0141968925723214 -0.179494585038624
-3.31455321009374 -0.0801918597677477 -0.013013421133385 -0.17759326027398
-3.30197426052981 -0.0783390685642268 -0.0118299496944487 -0.175392829956958
-3.28939531096589 -0.0763493154608371 -0.0106464782555123 -0.172893294087557
-3.27681636140197 -0.0742246115883638 -0.0094630068165759 -0.170094652665778
-3.26423741183804 -0.0719671866649821 -0.00827953537763949 -0.166996905691621
-3.25165846227412 -0.0695794872836573 -0.00709606393870311 -0.163600053165086
-3.2390795127102 -0.0670641748737666 -0.00591259249976674 -0.159904095086172
-3.22650056314627 -0.0644241233378474 -0.00472912106083036 -0.155909031454881
-3.21392161358235 -0.0616624163648405 -0.00354564962189399 -0.151614862271211
-3.20134266401843 -0.0587823444216624 -0.00236217818295761 -0.147021587535163
-3.18876371445451 -0.0557874014253971 -0.00117870674402123 -0.142129207246736
-3.17618476489058 -0.0526812810988683 4.76469491518527E-06 -0.136937721405932
-3.16360581532666 -0.0494678730128056 0.00118823613385156 -0.131447130012749
-3.15102686576274 -0.0461512583182794 0.00237170757278794 -0.125657433067188
-3.13844791619881 -0.0427357051735341 0.00355517901172431 -0.119568630569249
-3.12586896663489 -0.0392256638697996 0.00473865045066069 -0.113180722518931
-3.11329001707097 -0.035625761661107 0.00592212188959707 -0.106493708916235
-3.10071106750704 -0.0319407973035789 0.00710559332853348 -0.0995075897611613
-3.08813211794312 -0.0281757353100992 0.00828906476746986 -0.0922223650537091
-3.0755531683792 -0.0243356999266957 0.00947253620640624 -0.0846380347938788
-3.06297421881527 -0.0204259688373997 0.0106560076453426 -0.0767545989816702
-3.05039526925135 -0.0164519666047506 0.011839479084279 -0.0685720576170833
-3.03781631968743 -0.0124192578535351 0.0130229505232154 -0.0600904107001183
-3.0252373701235 -0.0083335402057377 0.0142064219621517 -0.0513096582307751
-3.01265842055958 -0.00420063697507913 0.0153898934010881 -0.0422298002090532
-3.00007947099566 -2.64896298919009E-05 0.0165733648400245 -0.0328508366349535
-2.98750052143174 0.00418284996654325 0.0177568362789609 -0.0231727675084756
-2.97492157186781 0.00842122752871677 0.0189403077178973 -0.0131955928296194
-2.96234262230389 0.0126823945248413 0.0201237791568336 -0.00291931259838501
-2.94976367273997 0.0169600165458639 0.02130725059577 0.0076560731852276
-2.93718472317604 0.0212476818570592 0.0224907220347064 0.0185305645212187
-2.92460577361212 0.0255389101213972 0.0231573406099322 0.0295918270786262
-2.9120268240482 0.0298271612836041 0.023479390609351 0.0403780419412745
-2.89944787448427 0.0341058446035263 0.0238014406087697 0.0508392827398473
-2.88686892492035 0.0383683278271658 0.0241234906081884 0.0609755494743446
-2.87428997535643 0.0426079464834801 0.0244455406076072 0.0707868421447665
-2.8617110257925 0.046818013294819 0.0247675906070259 0.0802731607511129
-2.84913207622858 0.0509918276886336 0.0250896406064446 0.0894345052933843
-2.83655312666466 0.0551226853978999 0.0254116906058634 0.0982708757715798
-2.82397417710074 0.0592038881374994 0.0257337406052821 0.1067822721857
-2.81139522753681 0.06322875334363 0.0260557906047008 0.114968694535745
-2.79881627797289 0.0671906239631666 0.0263778406041196 0.122830142821714
-2.78623732840897 0.0710828782797453 0.0266998906035383 0.130366617043607
-2.77365837884504 0.0748989397632326 0.0270219406029571 0.137578117201426
-2.76107942928112 0.078632286929126 0.0273439906023758 0.144464643295169
-2.7485004797172 0.082276463194362 0.0276660406017945 0.151026195324836
-2.73592153015327 0.0858250867159214 0.0279880906012133 0.157262773290428
-2.72334258058935 0.0892718601985917 0.028310140600632 0.163174377191945
-2.71076363102543 0.0926105806582004 0.0286321906000507 0.168761007029386
-2.6981846814615 0.0958351491266318 0.0289542405994695 0.174022662802751
-2.68560573189758 0.0989395802849385 0.0292762905988882 0.178959344512042
-2.67302678233366 0.101918012010892 0.0295983405983069 0.183571052157256
-2.66044783276973 0.104764714827353 0.0299203905977257 0.187857785738395
-2.64786888320581 0.107474101237914 0.0302424405971444 0.191819545255459
-2.63528993364189 0.110040734936339 0.0305644905965631 0.195456330708448
-2.62271098407797 0.112459339876435 0.0308865405959819 0.19876814209736
-2.61013203451404 0.114724809189098 0.0312085905954006 0.201754979422198
-2.59755308495012 0.116832213933435 0.0315306405948193 0.20441684268296
-2.5849741353862 0.118776811668988 0.0318526905942381 0.206753731879646
-2.57239518582227 0.120554054836294 0.0321747405936568 0.208765647012258
-2.55981623625835 0.122159598933184 0.0324967905930755 0.210452588080793
-2.54723728669443 0.12358931047445 0.0328188405924943 0.211814555085253
-2.5346583371305 0.124839274722719 0.033140890591913 0.212851548025638
-2.52207938756658 0.125905803178657 0.0334629405913318 0.213563566901947
-2.50950043800266 0.12678544081883 0.0337849905907505 0.213950611714181
-2.49692148843873 0.127474973069893 0.0341070405901692 0.21401268246234
-2.48434253887481 0.12797143250803 0.034429090589588 0.213749779146423
-2.47176358931089 0.128272105272904 0.0347511405890067 0.21316190176643
-2.45918463974697 0.128374537185691 0.0350731905884254 0.212249050322362
-2.44660569018304 0.12827653956113 0.0353952405878442 0.211011224814219
-2.43402674061912 0.127976194703879 0.0357172905872629 0.209448425242
-2.4214477910552 0.127471861079824 0.0360393405866816 0.207560651605705
-2.40886884149127 0.126762178153406 0.0363613905861004 0.205347903905336
-2.39628989192735 0.12584607088241 0.0366834405855191 0.20281018214089
-2.38371094236343 0.124722753862084 0.0370054905849378 0.19994748631237
-2.3711319927995 0.123391735110892 0.0373275405843566 0.196759816419773
-2.35855304323558 0.121852819490633 0.0376495905837753 0.193247172463102
-2.34597409367166 0.120106111754116 0.037971640583194 0.189409554442355
-2.33339514410773 0.118152019214051 0.0382936905826128 0.185246962357532
-2.32081619454381 0.115991254027284 0.0386157405820315 0.180759396208634
-2.30823724497989 0.113624835088986 0.0389377905814502 0.175946855995661
-2.29565829541597 0.1110540895319 0.039259840580869 0.170809341718612
-2.28307934585204 0.108280653826268 0.0395818905802877 0.165346853377488
-2.27050039628812 0.105306474476537 0.0399039405797065 0.159559390972288
-2.2579214467242 0.102133808311503 0.0402259905791252 0.153446954503013
-2.24534249716027 0.0987652223650319 0.0405480405785439 0.147009543969662
-2.23276354759635 0.095203593345068 0.0408700905779627 0.140247159372236
-2.22018459803243 0.0914521066891393 0.0411921405773814 0.133159800710734
-2.2076056484685 0.0875142552051405 0.0415141905768001 0.125747467985158
-2.19502669890458 0.0833938372966948 0.0418362405762189 0.118010161195505
-2.18244774934066 0.0790949547729587 0.0421582905756376 0.109947880341777
-2.16986879977673 0.0746220102432723 0.0424803405750564 0.101560625423973
-2.15728985021281 0.0699797040976204 0.0428023905744751 0.0928483964420945
-2.14471090064889 0.0651730310744073 0.0431244405738938 0.0838111933961402
-2.13213195108496 0.0602072764176178 0.0434464905733126 0.0744490162861106
-2.11955300152104 0.055088011625977 0.0437685405727313 0.0647618651120054
-2.10697405195712 0.0498210897972739 0.04409059057215 0.0547497398738248
-2.0943951023932 0.0444126405715688 0.0444126405715688 0.0444126405715688
-2.08181615282927 0.0388690646775436 0.0410009238289724 0.0340194787056188
-2.06923720326535 0.0331970280868023 0.0375892070863761 0.0238391657763564
-2.05665825370143 0.0274034557814623 0.0341774903437797 0.0138717017837817
-2.0440793041375 0.0214955251409169 0.0307657736011834 0.00411708672789455
-2.03150035457358 0.0154806589541708 0.027354056858587 -0.00542467939130498
-2.01892140500966 0.00936651806467703 0.0239423401159907 -0.0147535965738169
-2.00634245544573 0.00316099365511496 0.0205306233733941 -0.0238696648196418
-1.99376350588181 -0.00312780081994084 0.0171189066307977 -0.0327728841287785
-1.98118455631789 -0.0094915380450213 0.0137071898882014 -0.0414632545012276
-1.96860560675396 -0.0159216855894908 0.010295473145605 -0.0499407759369891
-1.95602665719004 -0.0224095149785953 0.00688375640300865 -0.0582054484360629
-1.94344770762612 -0.028946111079947 0.0034720396604123 -0.0662572719984492
-1.9308687580622 -0.0355223817951064 6.03229178159498E-05 -0.0740962466241478
-1.91828980849827 -0.0421290680454797 -0.0033513938247804 -0.0817223723131589
-1.90571085893435 -0.0487567540413127 -0.00676311056737675 -0.0891356490654823
-1.89313190937043 -0.055395877822147 -0.0101748273099731 -0.0963360768811181
-1.8805529598065 -0.0620367420566958 -0.0135865440525695 -0.103323655760066
-1.86797401024258 -0.0686695250897055 -0.0169982607951658 -0.110098385702327
-1.85539506067866 -0.0752842922229939 -0.0204099775377624 -0.1166602667079
-1.84281611111473 -0.0818710072174909 -0.0238216942803587 -0.123009298776786
-1.83023716155081 -0.0884195440027711 -0.0272334110229551 -0.129145481908984
-1.81765821198689 -0.094919698580225 -0.0306451277655515 -0.135068816104494
-1.80507926242296 -0.101361201105717 -0.0340568445081478 -0.140779301363316
-1.79250031285904 -0.107733728137277 -0.0374685612507442 -0.146276937685451
-1.77992136329512 -0.114026915033095 -0.0408802779933405 -0.151561725070898
-1.7673424137312 -0.120230368484839 -0.0442919947359369 -0.156633663519658
-1.75476346416727 -0.126333679171058 -0.0477037114785332 -0.16149275303173
-1.74218451460335 -0.132326434515235 -0.0511154282211296 -0.166138993607115
-1.72960556503943 -0.138198231532839 -0.0545271449637259 -0.170572385245812
-1.7170266154755 -0.143938689751539 -0.0579388617063223 -0.174792927947821
-1.70444766591158 -0.149537464188598 -0.0613505784489186 -0.178800621713143
-1.69186871634766 -0.154984258369319 -0.0647622951915152 -0.182595466541777
-1.67928976678373 -0.16026883737027 -0.0681740119341116 -0.186177462433723
-1.66671081721981 -0.165381040870963 -0.0715857286767079 -0.189546609388982
-1.65413186765589 -0.170310796197534 -0.0749974454193043 -0.192702907407553
-1.64155291809196 -0.175048131341953 -0.0784091621619006 -0.195646356489437
-1.62897396852804 -0.179583187940217 -0.081820878904497 -0.198376956634633
-1.61639501896412 -0.183906234193011 -0.0852325956470933 -0.200894707843141
-1.6038160694002 -0.188007677712285 -0.0886443123896897 -0.203199610114962
-1.59123711983627 -0.191878078277249 -0.092056029132286 -0.205291663450095
-1.57865817027235 -0.195508160483326 -0.0954677458748824 -0.207170867848541
-1.56607922070843 -0.198888826267676 -0.0988794626174787 -0.208837223310299
-1.5535002711445 -0.202011167295013 -0.102291179360075 -0.210290729835369
-1.54092132158058 -0.204866477187507 -0.105702896102671 -0.211531387423752
-1.52834237201666 -0.207446263582757 -0.109114612845268 -0.212559196075447
-1.51576342245273 -0.209742260003924 -0.112526329587864 -0.213374155790455
-1.50318447288881 -0.211746437526333 -0.115938046330461 -0.213976266568775
-1.49060552332489 -0.213451016225016 -0.119349763073057 -0.214365528410407
-1.47802657376096 -0.214848476387912 -0.122761479815653 -0.214541941315351
-1.46544762419704 -0.215931569479669 -0.12617319655825 -0.214505505283609
-1.45286867463312 -0.216693328841257 -0.129584913300846 -0.214256220315178
-1.44028972506919 -0.217127080110871 -0.132996630043442 -0.21379408641006
-1.42771077550527 -0.217226451351916 -0.136408346786039 -0.213119103568254
-1.41513182594135 -0.216985382874176 -0.139820063528635 -0.212231271789761
-1.40255287637743 -0.216398136734608 -0.143231780271232 -0.21113059107458
-1.3899739268135 -0.215459305904554 -0.146643497013828 -0.209817061422711
-1.37739497724958 -0.21416382309055 -0.150055213756424 -0.208290682834155
-1.36481602768566 -0.212506969196288 -0.153466930499021 -0.206551455308911
-1.35223707812173 -0.210484381413704 -0.156878647241617 -0.20459937884698
-1.33965812855781 -0.208092060931584 -0.160290363984214 -0.202434453448361
-1.32707917899389 -0.205326380250538 -0.16370208072681 -0.200056679113054
-1.31450022942996 -0.202184090093624 -0.167113797469406 -0.19746605584106
-1.30192127986604 -0.198662325902396 -0.170525514212003 -0.194662583632378
-1.28934233030212 -0.194758613908627 -0.173937230954599 -0.191646262487008
-1.27676338073819 -0.190470876772464 -0.177348947697195 -0.188417092404951
-1.26418443117427 -0.185797438778283 -0.180760664439792 -0.184975073386207
-1.25160548161035 -0.180737030580035 -0.177293144666029 -0.18131294452481
-1.23902653204643 -0.175288793488422 -0.163506770117724 -0.177363542440596
-1.2264475824825 -0.16945228329278 -0.14972039556942 -0.173110530095144
-1.21386863291858 -0.163227473611111 -0.135934021021116 -0.168553907488454
-1.20128968335466 -0.156614758762289 -0.122147646472811 -0.163693674620527
-1.18871073379073 -0.149614956155019 -0.108361271924507 -0.158529831491363
-1.17613178422681 -0.142229308188726 -0.0945748973762029 -0.153062378100962
-1.16355283466289 -0.134459483662172 -0.0807885228278988 -0.147291314449323
-1.15097388509896 -0.126307578686155 -0.0670021482795947 -0.141216640536448
-1.13839493553504 -0.117776117097282 -0.0532157737312905 -0.134838356362334
-1.12581598597112 -0.108868050370431 -0.0394293991829864 -0.128156461926984
-1.11323703640719 -0.0995867570281034 -0.0256430246346823 -0.121170957230396
-1.10065808684327 -0.0899360415455101 -0.0118566500863782 -0.11388184227257
-1.08807913727935 -0.0799201327508719 0.00192972446192591 -0.106289117053508
-1.07550018771543 -0.0695436817210115 0.01571609901023 -0.0983927815732079
-1.0629212381515 -0.0588117591729703 0.0295024735585341 -0.0901928358316706
-1.05034228858758 -0.0477298523529986 0.0432888481068382 -0.081689279828896
-1.03776333902366 -0.036303861424902 0.0570752226551433 -0.0728821135648835
-1.02518438945973 -0.0245400953603578 0.0708615972034475 -0.0637713370396342
-1.01260543989581 -0.012445267334427 0.0846479717517515 -0.0543569502531477
-1.00002649033189 -2.64896301366136E-05 0.0984343463000556 -0.0446389532054238
-0.987447540767963 0.012708731943397 0.11222072084836 -0.0346173458964625
-0.97486859120404 0.0257525041142053 0.126007095396664 -0.024292128326264
-0.962289641640117 0.0390965526863561 0.139793469944968 -0.0136633004948281
-0.949710692076194 0.0527322295481844 0.153579844493272 -0.00273086240215484
-0.937131742512271 0.0666505201429519 0.167366219041576 0.0085051859517557
-0.924552792948348 0.0808420513944377 0.18115259358988 0.0200448445669036
-0.911973843384425 0.0952971000793735 0.194938968138184 0.0318881134432888
-0.899394893820502 0.110005601638069 0.208725342686489 0.0440349925809113
-0.886815944256578 0.124957159414007 0.222511717234794 0.0564854819797721
-0.874236994692655 0.140141054312629 0.236298091783098 0.0692395816398692
-0.861658045128732 0.155546254869005 0.250084466331402 0.0822972915612037
-0.849079095564809 0.171161427713541 0.263870840879706 0.0956586117437756
-0.836500146000886 0.186974948424346 0.27765721542801 0.109323542187585
-0.823921196436963 0.202974912754416 0.291443589976314 0.123292082892631
-0.81134224687304 0.219149148221262 0.305229964524618 0.137564233858915
-0.798763297309117 0.235485226046158 0.319016339072922 0.152139995086436
-0.786184347745194 0.251970473429717 0.332802713621226 0.167019366575195
-0.773605398181271 0.268591986150051 0.346589088169531 0.182202348325191
-0.761026448617348 0.285336641469375 0.360375462717835 0.197688940336424
-0.748447499053425 0.302191111334458 0.374161837266139 0.213479142608894
-0.735868549489502 0.319141875855973 0.387948211814443 0.229572955142602
-0.723289599925578 0.336175237051398 0.401734586362748 0.245970377937548
-0.710710650361655 0.353277332835778 0.415520960911052 0.262671410993731
-0.698131700797732 0.370434151244318 0.429307335459356 0.279676054311151
-0.685552751233809 0.387631544870457 0.44309371000766 0.296984307889808
-0.672973801669886 0.404855245502776 0.456880084555965 0.314596171729702
-0.660394852105963 0.422090878943827 0.470666459104269 0.332511645830834
-0.64781590254204 0.439323979993696 0.484452833652573 0.350730730193203
-0.635236952978117 0.45654000758091 0.498239208200877 0.36925342481681
-0.622658003414194 0.47372436002304 0.512025582749181 0.388079729701653
-0.610079053850271 0.490862390399208 0.525811957297485 0.407209644847734
-0.597500104286348 0.507939422016512 0.539598331845789 0.426643170255053
-0.584921154722425 0.524940763952226 0.553384706394093 0.446380305923609
-0.572342205158502 0.541851726653554 0.567171080942397 0.466421051853402
-0.559763255594578 0.558657637576561 0.580957455490702 0.486765408044433
-0.547184306030655 0.575343856845854 0.594743830039007 0.507413374496701
-0.534605356466732 0.591895792916548 0.608530204587311 0.528364951210206
-0.522026406902809 0.608298918219983 0.622316579135615 0.549620138184949
-0.509447457338886 0.624538784774668 0.636102953683919 0.571178935420928
-0.496868507774963 0.640601039743955 0.649889328232223 0.593041342918145
-0.48428955821104 0.656471440921961 0.663675702780527 0.6152073606766
-0.471710608647117 0.67213587212933 0.677462077328831 0.637676988696292
-0.459131659083194 0.68758035850052 0.691248451877135 0.660450226977221
-0.446552709519271 0.702791081644376 0.705034826425439 0.683527075519387
-0.433973759955347 0.717754394659924 0.718821200973744 0.706907534322791
-0.421394810391424 0.73245683698944 0.732607575522048 0.730591603387432
-0.408815860827501 0.746885149091037 0.735364850431709 0.754252490468777
-0.396236911263578 0.761026286913216 0.735364850431709 0.777216186562479
-0.383657961699654 0.774867436154033 0.735364850431709 0.799462267153252
-0.371079012135731 0.788396026287801 0.735364850431709 0.820990732241096
-0.358500062571808 0.801599744342478 0.735364850431709 0.841801581826012
-0.345921113007885 0.814466548411208 0.735364850431709 0.861894815908
-0.333342163443962 0.826984680881765 0.735364850431709 0.88127043448706
-0.320763213880039 0.839142681368002 0.735364850431709 0.899928437563192
-0.308184264316116 0.850929399327722 0.735364850431709 0.917868825136395
-0.295605314752193 0.862334006351788 0.735364850431709 0.935091597206671
-0.28302636518827 0.873346008109649 0.735364850431709 0.951596753774018
-0.270447415624347 0.883955255936891 0.735364850431709 0.967384294838437
-0.257868466060424 0.894151958050806 0.735364850431709 0.982454220399928
-0.2452895164965 0.903926690380471 0.735364850431709 0.996806530458492
-0.232710566932577 0.913270406998214 0.735364850431709 1.01044122501413
-0.220131617368654 0.9221744501399 0.735364850431709 1.02335830406683
-0.207552667804731 0.930630559801891 0.735364850431709 1.03555776761661
-0.194973718240808 0.938630882903083 0.735364850431709 1.04703961566346
-0.182394768676885 0.946167982000934 0.735364850431709 1.05780384820738
-0.169815819112962 0.953234843550918 0.735364850431709 1.06785046524838
-0.157236869549039 0.959824885699424 0.735364850431709 1.07717946678644
-0.144657919985116 0.965931965600628 0.735364850431709 1.08579085282158
-0.132078970421193 0.971550386248504 0.735364850431709 1.09368462335379
-0.11950002085727 0.976674902815662 0.735364850431709 1.10086077838307
-0.106921071293347 0.981300728491348 0.735364850431709 1.10731931790943
-0.094342121729424 0.985423539811509 0.735364850431709 1.11306024193285
-0.0817631721655001 0.989039481474473 0.735364850431709 1.11808355045335
-0.0691842226015771 0.99214517063638 0.735364850431709 1.12238924347092
-0.0566052730376541 0.994737700681174 0.735364850431709 1.12597732098556
-0.044026323473731 0.996814644460558 0.735364850431709 1.12884778299727
-0.031447373909808 0.998374056999994 0.735364850431709 1.13100062950606
-0.018868424345885 0.999414477667458 0.735364850431709 1.13243586051191
-0.00628947478196196 0.99993493180231 0.735364850431709 1.13315347601484
0.00628947478196107 0.99993493180231 0.735364850431709 1.13315347601484
0.0188684243458841 0.999414477667458 0.735364850431709 1.13243586051191
0.0314473739098071 0.998374056999994 0.735364850431709 1.13100062950606
0.0440263234737301 0.996814644460558 0.735364850431709 1.12884778299727
0.0566052730376532 0.994737700681174 0.735364850431709 1.12597732098556
0.0691842226015762 0.99214517063638 0.735364850431709 1.12238924347092
0.0817631721655001 0.989039481474473 0.735364850431709 1.11808355045335
0.0943421217294231 0.98542353981151 0.735364850431709 1.11306024193285
0.106921071293346 0.981300728491348 0.735364850431709 1.10731931790943
0.119500020857269 0.976674902815663 0.735364850431709 1.10086077838307
0.132078970421192 0.971550386248505 0.73536485043171 1.09368462335379
0.144657919985115 0.965931965600629 0.73536485043171 1.08579085282158
0.157236869549038 0.959824885699424 0.73536485043171 1.07717946678644
0.169815819112961 0.953234843550919 0.73536485043171 1.06785046524838
0.182394768676884 0.946167982000935 0.73536485043171 1.05780384820738
0.194973718240807 0.938630882903084 0.73536485043171 1.04703961566346
0.20755266780473 0.930630559801892 0.73536485043171 1.03555776761661
0.220131617368653 0.922174450139901 0.73536485043171 1.02335830406683
0.232710566932576 0.913270406998215 0.73536485043171 1.01044122501413
0.2452895164965 0.903926690380471 0.73536485043171 0.996806530458492
0.257868466060423 0.894151958050807 0.73536485043171 0.982454220399929
0.270447415624346 0.883955255936891 0.73536485043171 0.967384294838438
0.283026365188269 0.87334600810965 0.73536485043171 0.951596753774019
0.295605314752192 0.862334006351788 0.73536485043171 0.935091597206671
0.308184264316115 0.850929399327723 0.73536485043171 0.917868825136396
0.320763213880038 0.839142681368003 0.73536485043171 0.899928437563192
0.333342163443962 0.826984680881766 0.73536485043171 0.881270434487061
0.345921113007885 0.814466548411209 0.73536485043171 0.861894815908001
0.358500062571808 0.801599744342479 0.73536485043171 0.841801581826013
0.371079012135731 0.788396026287802 0.73536485043171 0.820990732241097
0.383657961699654 0.774867436154034 0.73536485043171 0.799462267153253
0.396236911263577 0.761026286913217 0.73536485043171 0.77721618656248
0.408815860827501 0.746885149091038 0.73536485043171 0.754252490468778
0.421394810391424 0.732456836989441 0.732607575522049 0.730591603387433
0.433973759955347 0.717754394659925 0.718821200973745 0.706907534322792
0.44655270951927 0.702791081644377 0.705034826425441 0.683527075519388
0.459131659083193 0.687580358500521 0.691248451877136 0.660450226977222
0.471710608647116 0.672135872129332 0.677462077328832 0.637676988696293
0.484289558211039 0.656471440921962 0.663675702780528 0.615207360676601
0.496868507774962 0.640601039743957 0.649889328232224 0.593041342918147
0.509447457338885 0.62453878477467 0.63610295368392 0.57117893542093
0.522026406902808 0.608298918219984 0.622316579135616 0.54962013818495
0.534605356466731 0.591895792916549 0.608530204587312 0.528364951210208
0.547184306030654 0.575343856845855 0.594743830039008 0.507413374496703
0.559763255594577 0.558657637576563 0.580957455490704 0.486765408044435
0.572342205158501 0.541851726653556 0.567171080942398 0.466421051853403
0.584921154722424 0.524940763952227 0.553384706394094 0.44638030592361
0.597500104286347 0.507939422016513 0.53959833184579 0.426643170255054
0.61007905385027 0.490862390399209 0.525811957297486 0.407209644847736
0.622658003414193 0.473724360023041 0.512025582749182 0.388079729701655
0.635236952978116 0.456540007580911 0.498239208200878 0.369253424816811
0.647815902542039 0.439323979993697 0.484452833652574 0.350730730193205
0.660394852105962 0.422090878943828 0.47066645910427 0.332511645830835
0.672973801669885 0.404855245502778 0.456880084555966 0.314596171729704
0.685552751233808 0.387631544870458 0.443093710007661 0.296984307889809
0.698131700797731 0.370434151244319 0.429307335459357 0.279676054311152
0.710710650361654 0.353277332835779 0.415520960911053 0.262671410993732
0.723289599925578 0.336175237051398 0.401734586362748 0.245970377937549
0.735868549489501 0.319141875855974 0.387948211814444 0.229572955142604
0.748447499053424 0.30219111133446 0.37416183726614 0.213479142608896
0.761026448617347 0.285336641469376 0.360375462717836 0.197688940336425
0.77360539818127 0.268591986150052 0.346589088169532 0.182202348325192
0.786184347745193 0.251970473429718 0.332802713621228 0.167019366575196
0.798763297309116 0.23548522604616 0.319016339072923 0.152139995086438
0.811342246873039 0.219149148221263 0.305229964524619 0.137564233858917
0.823921196436962 0.202974912754417 0.291443589976315 0.123292082892633
0.836500146000885 0.186974948424347 0.277657215428011 0.109323542187586
0.849079095564808 0.171161427713542 0.263870840879707 0.0956586117437771
0.861658045128731 0.155546254869007 0.250084466331403 0.0822972915612052
0.874236994692654 0.14014105431263 0.236298091783099 0.0692395816398707
0.886815944256578 0.124957159414007 0.222511717234794 0.0564854819797725
0.899394893820501 0.11000560163807 0.20872534268649 0.0440349925809126
0.911973843384424 0.0952971000793744 0.194938968138185 0.0318881134432901
0.924552792948347 0.0808420513944386 0.181152593589881 0.0200448445669048
0.93713174251227 0.0666505201429529 0.167366219041577 0.00850518595175698
0.949710692076193 0.0527322295481853 0.153579844493273 -0.00273086240215348
0.962289641640116 0.039096552686357 0.139793469944969 -0.0136633004948268
0.974868591204039 0.0257525041142061 0.126007095396665 -0.0242921283262628
0.987447540767962 0.012708731943398 0.112220720848361 -0.0346173458964614
1.00002649033189 -2.64896301356242E-05 0.0984343463000567 -0.0446389532054225
1.01260543989581 -0.012445267334426 0.0846479717517525 -0.0543569502531466
1.02518438945973 -0.0245400953603569 0.0708615972034484 -0.0637713370396331
1.03776333902365 -0.0363038614249011 0.0570752226551443 -0.0728821135648824
1.05034228858758 -0.0477298523529978 0.0432888481068392 -0.081689279828895
1.0629212381515 -0.0588117591729694 0.0295024735585351 -0.0901928358316697
1.07550018771542 -0.0695436817210107 0.015716099010231 -0.098392781573207
1.08807913727935 -0.0799201327508711 0.00192972446192685 -0.106289117053507
1.10065808684327 -0.0899360415455093 -0.0118566500863773 -0.11388184227257
1.11323703640719 -0.0995867570281026 -0.0256430246346814 -0.121170957230395
1.12581598597112 -0.108868050370431 -0.0394293991829855 -0.128156461926983
1.13839493553504 -0.117776117097281 -0.0532157737312896 -0.134838356362333
1.15097388509896 -0.126307578686154 -0.0670021482795937 -0.141216640536447
1.16355283466289 -0.134459483662172 -0.0807885228278978 -0.147291314449323
1.17613178422681 -0.142229308188725 -0.0945748973762019 -0.153062378100961
1.18871073379073 -0.149614956155018 -0.108361271924506 -0.158529831491363
1.20128968335465 -0.156614758762289 -0.12214764647281 -0.163693674620527
1.21386863291858 -0.16322747361111 -0.135934021021115 -0.168553907488454
1.2264475824825 -0.169452283292779 -0.149720395569419 -0.173110530095143
1.23902653204642 -0.175288793488422 -0.163506770117723 -0.177363542440595
1.25160548161035 -0.180737030580035 -0.177293144666028 -0.18131294452481
1.26418443117427 -0.185797438778282 -0.180760664439792 -0.184975073386206
1.27676338073819 -0.190470876772463 -0.177348947697196 -0.188417092404951
1.28934233030212 -0.194758613908626 -0.173937230954599 -0.191646262487008
1.30192127986604 -0.198662325902396 -0.170525514212003 -0.194662583632378
1.31450022942996 -0.202184090093624 -0.167113797469406 -0.19746605584106
1.32707917899389 -0.205326380250538 -0.16370208072681 -0.200056679113054
1.33965812855781 -0.208092060931584 -0.160290363984214 -0.202434453448361
1.35223707812173 -0.210484381413704 -0.156878647241617 -0.20459937884698
1.36481602768566 -0.212506969196288 -0.153466930499021 -0.206551455308911
1.37739497724958 -0.21416382309055 -0.150055213756424 -0.208290682834155
1.3899739268135 -0.215459305904553 -0.146643497013828 -0.209817061422711
1.40255287637742 -0.216398136734608 -0.143231780271232 -0.21113059107458
1.41513182594135 -0.216985382874176 -0.139820063528635 -0.212231271789761
1.42771077550527 -0.217226451351916 -0.136408346786039 -0.213119103568255
1.44028972506919 -0.217127080110871 -0.132996630043443 -0.21379408641006
1.45286867463312 -0.216693328841257 -0.129584913300846 -0.214256220315178
1.46544762419704 -0.215931569479669 -0.12617319655825 -0.214505505283609
1.47802657376096 -0.214848476387912 -0.122761479815654 -0.214541941315352
1.49060552332489 -0.213451016225016 -0.119349763073057 -0.214365528410407
1.50318447288881 -0.211746437526333 -0.115938046330461 -0.213976266568775
1.51576342245273 -0.209742260003924 -0.112526329587865 -0.213374155790455
1.52834237201666 -0.207446263582757 -0.109114612845268 -0.212559196075448
1.54092132158058 -0.204866477187507 -0.105702896102672 -0.211531387423753
1.5535002711445 -0.202011167295013 -0.102291179360075 -0.21029072983537
1.56607922070843 -0.198888826267676 -0.0988794626174791 -0.2088372233103
1.57865817027235 -0.195508160483326 -0.0954677458748827 -0.207170867848542
1.59123711983627 -0.19187807827725 -0.0920560291322864 -0.205291663450096
1.60381606940019 -0.188007677712285 -0.08864431238969 -0.203199610114963
1.61639501896412 -0.183906234193011 -0.0852325956470937 -0.200894707843142
1.62897396852804 -0.179583187940217 -0.0818208789044973 -0.198376956634634
1.64155291809196 -0.175048131341953 -0.078409162161901 -0.195646356489438
1.65413186765589 -0.170310796197535 -0.0749974454193046 -0.192702907407554
1.66671081721981 -0.165381040870963 -0.0715857286767083 -0.189546609388983
1.67928976678373 -0.16026883737027 -0.0681740119341119 -0.186177462433724
1.69186871634766 -0.154984258369319 -0.0647622951915153 -0.182595466541778
1.70444766591158 -0.149537464188599 -0.061350578448919 -0.178800621713143
1.7170266154755 -0.143938689751539 -0.0579388617063226 -0.174792927947822
1.72960556503942 -0.13819823153284 -0.0545271449637265 -0.170572385245813
1.74218451460335 -0.132326434515236 -0.0511154282211299 -0.166138993607116
1.75476346416727 -0.126333679171059 -0.0477037114785338 -0.161492753031731
1.76734241373119 -0.12023036848484 -0.0442919947359373 -0.156633663519659
1.77992136329512 -0.114026915033095 -0.0408802779933407 -0.151561725070899
1.79250031285904 -0.107733728137277 -0.0374685612507446 -0.146276937685452
1.80507926242296 -0.101361201105717 -0.034056844508148 -0.140779301363317
1.81765821198689 -0.0949196985802254 -0.0306451277655519 -0.135068816104495
1.83023716155081 -0.0884195440027711 -0.0272334110229553 -0.129145481908984
1.84281611111473 -0.0818710072174913 -0.0238216942803592 -0.123009298776787
1.85539506067866 -0.0752842922229939 -0.0204099775377626 -0.116660266707901
1.86797401024258 -0.0686695250897064 -0.0169982607951665 -0.110098385702328
1.8805529598065 -0.0620367420566963 -0.0135865440525699 -0.103323655760067
1.89313190937042 -0.0553958778221479 -0.0101748273099738 -0.0963360768811195
1.90571085893435 -0.0487567540413132 -0.00676311056737719 -0.0891356490654832
1.91828980849827 -0.0421290680454806 -0.00335139382478108 -0.0817223723131603
1.93086875806219 -0.0355223817951069 6.03229178154918E-05 -0.0740962466241487
1.94344770762612 -0.028946111079947 0.0034720396604121 -0.0662572719984494
1.95602665719004 -0.0224095149785958 0.0068837564030082 -0.0582054484360637
1.96860560675396 -0.0159216855894908 0.0102954731456048 -0.0499407759369893
1.98118455631789 -0.00949153804502173 0.0137071898882009 -0.0414632545012284
1.99376350588181 -0.00312780081994084 0.0171189066307975 -0.0327728841287787
2.00634245544573 0.00316099365511454 0.0205306233733936 -0.0238696648196426
2.01892140500966 0.00936651806467662 0.0239423401159902 -0.0147535965738176
2.03150035457358 0.0154806589541698 0.0273540568585863 -0.00542467939130634
2.0440793041375 0.0214955251409165 0.0307657736011829 0.0041170867278939
2.05665825370142 0.0274034557814614 0.034177490343779 0.0138717017837804
2.06923720326535 0.0331970280868019 0.0375892070863756 0.0238391657763559
2.08181615282927 0.0388690646775428 0.0410009238289717 0.0340194787056175
2.09439510239319 0.0444126405715683 0.0444126405715683 0.0444126405715683
2.10697405195712 0.0498210897972739 0.0440905905721495 0.0547497398738251
2.11955300152104 0.0550880116259765 0.0437685405727308 0.064761865112005
2.13213195108496 0.0602072764176178 0.0434464905733121 0.0744490162861108
2.14471090064889 0.0651730310744068 0.0431244405738934 0.0838111933961399
2.15728985021281 0.0699797040976204 0.0428023905744747 0.0928483964420948
2.16986879977673 0.074622010243272 0.042480340575056 0.101560625423973
2.18244774934066 0.0790949547729583 0.0421582905756372 0.109947880341777
2.19502669890458 0.0833938372966942 0.0418362405762185 0.118010161195504
2.2076056484685 0.0875142552051401 0.0415141905767998 0.125747467985157
2.22018459803243 0.0914521066891388 0.0411921405773811 0.133159800710734
2.23276354759635 0.0952035933450677 0.0408700905779623 0.140247159372236
2.24534249716027 0.0987652223650314 0.0405480405785437 0.147009543969662
2.2579214467242 0.102133808311502 0.0402259905791249 0.153446954503013
2.27050039628812 0.105306474476537 0.0399039405797062 0.159559390972288
2.28307934585204 0.108280653826268 0.0395818905802875 0.165346853377488
2.29565829541597 0.1110540895319 0.0392598405808687 0.170809341718612
2.30823724497989 0.113624835088986 0.03893779058145 0.175946855995661
2.32081619454381 0.115991254027284 0.0386157405820313 0.180759396208635
2.33339514410773 0.11815201921405 0.0382936905826126 0.185246962357532
2.34597409367166 0.120106111754115 0.0379716405831939 0.189409554442355
2.35855304323558 0.121852819490633 0.0376495905837752 0.193247172463102
2.3711319927995 0.123391735110892 0.0373275405843564 0.196759816419774
2.38371094236343 0.124722753862083 0.0370054905849377 0.19994748631237
2.39628989192735 0.125846070882409 0.036683440585519 0.20281018214089
2.40886884149127 0.126762178153406 0.0363613905861003 0.205347903905336
2.4214477910552 0.127471861079824 0.0360393405866816 0.207560651605706
2.43402674061912 0.127976194703879 0.0357172905872628 0.209448425242
2.44660569018304 0.12827653956113 0.0353952405878441 0.211011224814219
2.45918463974697 0.128374537185691 0.0350731905884254 0.212249050322362
2.47176358931089 0.128272105272904 0.0347511405890067 0.21316190176643
2.48434253887481 0.12797143250803 0.034429090589588 0.213749779146423
2.49692148843873 0.127474973069893 0.0341070405901693 0.21401268246234
2.50950043800266 0.12678544081883 0.0337849905907505 0.213950611714181
2.52207938756658 0.125905803178657 0.0334629405913318 0.213563566901948
2.5346583371305 0.124839274722719 0.0331408905919131 0.212851548025638
2.54723728669443 0.12358931047445 0.0328188405924944 0.211814555085254
2.55981623625835 0.122159598933184 0.0324967905930756 0.210452588080793
2.57239518582227 0.120554054836294 0.0321747405936569 0.208765647012258
2.5849741353862 0.118776811668988 0.0318526905942382 0.206753731879647
2.59755308495012 0.116832213933435 0.0315306405948195 0.20441684268296
2.61013203451404 0.114724809189098 0.0312085905954008 0.201754979422198
2.62271098407797 0.112459339876435 0.030886540595982 0.198768142097361
2.63528993364189 0.11004073493634 0.0305644905965633 0.195456330708448
2.64786888320581 0.107474101237914 0.0302424405971446 0.191819545255459
2.66044783276973 0.104764714827353 0.0299203905977259 0.187857785738396
2.67302678233366 0.101918012010892 0.0295983405983072 0.183571052157256
2.68560573189758 0.0989395802849387 0.0292762905988885 0.178959344512042
2.6981846814615 0.0958351491266319 0.0289542405994697 0.174022662802752
2.71076363102543 0.0926105806582009 0.028632190600051 0.168761007029386
2.72334258058935 0.0892718601985919 0.0283101406006323 0.163174377191945
2.73592153015327 0.0858250867159214 0.0279880906012135 0.157262773290428
2.7485004797172 0.0822764631943622 0.0276660406017949 0.151026195324836
2.76107942928112 0.078632286929126 0.0273439906023761 0.144464643295169
2.77365837884504 0.0748989397632328 0.0270219406029574 0.137578117201426
2.78623732840897 0.0710828782797455 0.0266998906035387 0.130366617043607
2.79881627797289 0.067190623963167 0.02637784060412 0.122830142821714
2.81139522753681 0.0632287533436302 0.0260557906047012 0.114968694535744
2.82397417710073 0.0592038881374998 0.0257337406052825 0.1067822721857
2.83655312666466 0.0551226853979001 0.0254116906058638 0.0982708757715797
2.84913207622858 0.050991827688634 0.0250896406064451 0.0894345052933848
2.8617110257925 0.0468180132948192 0.0247675906070264 0.0802731607511131
2.87428997535643 0.0426079464834807 0.0244455406076077 0.0707868421447674
2.88686892492035 0.038368327827166 0.0241234906081889 0.0609755494743448
2.89944787448427 0.0341058446035263 0.0238014406087702 0.0508392827398467
2.9120268240482 0.0298271612836043 0.0234793906093515 0.0403780419412746
2.92460577361212 0.0255389101213972 0.0231573406099328 0.0295918270786256
2.93718472317604 0.0212476818570593 0.022490722034707 0.018530564521219
2.94976367273997 0.0169600165458641 0.0213072505957705 0.00765607318522742
2.96234262230389 0.0126823945248417 0.0201237791568342 -0.00291931259838443
2.97492157186781 0.00842122752871696 0.0189403077178977 -0.0131955928296195
2.98750052143173 0.00418284996654363 0.0177568362789614 -0.023172767508475
3.00007947099566 -2.64896298917125E-05 0.016573364840025 -0.0328508366349536
3.01265842055958 -0.00420063697507875 0.0153898934010887 -0.0422298002090526
3.0252373701235 -0.00833354020573752 0.0142064219621522 -0.0513096582307748
3.03781631968743 -0.0124192578535345 0.0130229505232159 -0.0600904107001174
3.05039526925135 -0.0164519666047504 0.0118394790842794 -0.0685720576170831
3.06297421881527 -0.0204259688373997 0.010656007645343 -0.0767545989816704
3.0755531683792 -0.0243356999266955 0.00947253620640669 -0.0846380347938785
3.08813211794312 -0.0281757353100992 0.00828906476747022 -0.0922223650537094
3.10071106750704 -0.0319407973035788 0.00710559332853392 -0.099507589761161
3.11329001707097 -0.035625761661107 0.00592212188959745 -0.106493708916235
3.12586896663489 -0.0392256638697993 0.00473865045066115 -0.113180722518931
3.13844791619881 -0.0427357051735341 0.00355517901172469 -0.119568630569249
3.15102686576273 -0.0461512583182791 0.00237170757278839 -0.125657433067187
3.16360581532666 -0.0494678730128056 0.00118823613385192 -0.131447130012749
3.17618476489058 -0.052681281098868 4.76469491562936E-06 -0.136937721405931
3.1887637144545 -0.0557874014253969 -0.00117870674402084 -0.142129207246736
3.20134266401843 -0.058782344421662 -0.00236217818295714 -0.147021587535162
3.21392161358235 -0.0616624163648404 -0.0035456496218936 -0.151614862271211
3.22650056314627 -0.0644241233378474 -0.00472912106083007 -0.155909031454881
3.2390795127102 -0.0670641748737665 -0.00591259249976636 -0.159904095086172
3.25165846227412 -0.0695794872836573 -0.00709606393870283 -0.163600053165086
3.26423741183804 -0.071967186664982 -0.00827953537763913 -0.166996905691621
3.27681636140197 -0.0742246115883638 -0.00946300681657559 -0.170094652665778
3.28939531096589 -0.0763493154608369 -0.0106464782555119 -0.172893294087557
3.30197426052981 -0.0783390685642268 -0.0118299496944484 -0.175392829956958
3.31455321009373 -0.0801918597677475 -0.0130134211333847 -0.17759326027398
3.32713215965766 -0.0819058979143807 -0.0141968925723211 -0.179494585038624
3.33971110922158 -0.0834796128810432 -0.0153803640112574 -0.18109680425089
3.3522900587855 -0.0849116563130284 -0.0165638354501939 -0.182399917910778
3.36486900834943 -0.086200902033641 -0.0177473068891302 -0.183403926018287
3.37744795791335 -0.0873464461304171 -0.0189307783280667 -0.184108828573418
3.39002690747727 -0.088347606719751 -0.0201142497670031 -0.184514625576171
3.4026058570412 -0.0892039233922086 -0.0212977212059394 -0.184621317026546
3.41518480660512 -0.0899151563412344 -0.0224811926448759 -0.184428902924542
3.42776375616904 -0.0904812851783961 -0.0236646640838122 -0.183937383270161
3.44034270573297 -0.090902507438737 -0.0248481355227486 -0.183146758063401
3.45292165529689 -0.0911792367802206 -0.0260316069616849 -0.182057027304263
3.46550060486081 -0.0913121008816687 -0.0272150784006214 -0.180668190992746
3.47807955442473 -0.0913019390439916 -0.0283985498395577 -0.178980249128852
3.49065850398866 -0.0911497994999065 -0.0295820212784942 -0.176993201712579
3.50323745355258 -0.0908569364377252 -0.0307654927174305 -0.174707048743928
3.5158164031165 -0.090424806745165 -0.0319489641563669 -0.172121790222899
3.52839535268043 -0.089855066479505 -0.0331324355953032 -0.169237426149492
3.54097430224435 -0.0891495670707618 -0.0343159070342397 -0.166053956523706
3.55355325180827 -0.0883103512649049 -0.0354993784731762 -0.162571381345542
3.5661322013722 -0.0873396488144605 -0.0366828499121125 -0.158789700615
3.57871115093612 -0.0862398719241756 -0.0378663213510489 -0.154708914332079
3.59129010050004 -0.0850136104597207 -0.0390497927899852 -0.150329022496781
3.60386905006397 -0.0836636269277019 -0.0402332642289217 -0.145650025109104
3.61644799962789 -0.0821928512355416 -0.041416735667858 -0.140671922169049
3.62902694919181 -0.0806043752400448 -0.0426002071067945 -0.135394713676615
3.64160589875573 -0.0789014470937361 -0.0437836785457308 -0.129818399631804
3.65418484831966 -0.0770874653982771 -0.0449671499846672 -0.123942980034614
3.66676379788358 -0.0751659731745182 -0.0461506214236035 -0.117768454885047
3.6793427474475 -0.0731406516589304 -0.04733409286254 -0.1112948241831
3.69192169701143 -0.071015313936381 -0.0485175643014763 -0.104522087928776
3.70450064657535 -0.0687938984193753 -0.0497010357404127 -0.0974502461220731
3.71707959613927 -0.0664804621840779 -0.0508845071793492 -0.0900792987629918
3.7296585457032 -0.0640791741735544 -0.0520679786182855 -0.0824092458515333
3.74223749526712 -0.0615943082788268 -0.053251450057222 -0.0744400873876954
3.75481644483104 -0.0590302363084498 -0.0544349214961583 -0.0661718233714806
3.76739539439497 -0.0563914208574135 -0.0556183929350948 -0.0576044538028863
3.77997434395889 -0.0536824080862804 -0.0544013550160565 -0.0489005712881941
3.79255329352281 -0.0509078204215163 -0.0525841897575244 -0.0403955230778522
3.80513224308674 -0.0480723491880548 -0.0507670244989924 -0.0320994712097556
3.81771119265066 -0.0451807471851508 -0.0489498592404603 -0.0240124156839019
3.83029014221458 -0.0422378212166254 -0.0471326939819283 -0.0161343565002933
3.84286909177851 -0.039248424586591 -0.0453155287233961 -0.00846529365892767
3.85544804134243 -0.0362174495717602 -0.0434983634648642 -0.00100522715980714
3.86802699090635 -0.0331498198813956 -0.041681198206332 0.0062458429970704
3.88060594047028 -0.0300504831159401 -0.0398640329477998 0.0132879168117039
3.8931848900342 -0.0269244032352948 -0.0380468676892679 0.0201209942840923
3.90576383959812 -0.0237765530476508 -0.0362297024307357 0.0267450754142377
3.91834278916204 -0.020611906729699 -0.0344125371722038 0.0331601602021381
3.93092173872597 -0.0174354323889255 -0.0325953719136716 0.0393662486477954
3.94350068828989 -0.0142520846786081 -0.0307782066551397 0.0453633407512078
3.95607963785381 -0.0110667974759729 -0.0289610413966075 0.0511514365123769
3.96865858741774 -0.00788447663385345 -0.0271438761380756 0.0567305359313013
3.98123753698166 -0.00470999281600681 -0.0253267108795434 0.0621006390079823
3.99381648654558 -0.00154817442609774 -0.0235095456210115 0.0672617457424186
4.00639543610951 0.00159619935985231 -0.0216923803624793 0.0722138561346116
4.01897438567343 0.00471840544792646 -0.0198752151039474 0.0769569701845598
4.03155333523735 0.0078137835582988 -0.0180580498454152 0.0814910878922647
4.04413228480128 0.0108777428255583 -0.016240884586883 0.0858162092577255
4.0567112343652 0.013905768258444 -0.0144237193283511 0.0899323342809417
4.06929018392912 0.0168934270502982 -0.0126065540698189 0.0938394629619143
4.08186913349304 0.0198363747318054 -0.010789388811287 0.0975375953006425
4.09444808305697 0.0227303611578705 -0.00897222355275479 0.101026731297127
4.10702703262089 0.0255712363207461 -0.00715505829422286 0.104306870951367
4.11960598218481 0.0283549559818394 -0.00533789303569068 0.107378014263364
4.13218493174874 0.0310775871149016 -0.00352072777715875 0.110240161233116
4.14476388131266 0.0337353131536398 -0.00170356251862656 0.112893311860624
4.15734283087658 0.036324439037086 0.000113602739905357 0.115337466145888
4.16992178044051 0.0388413960464071 0.00193076799843754 0.117572624088908
4.18250073000443 0.0412827464271536 0.00374793325696947 0.119598785689684
4.19507967956835 0.0436451877913076 0.00556509851550165 0.121415950948217
4.20765862913228 0.0459255572938175 0.00738226377403383 0.123024119864505
4.2202375786962 0.0481208355786812 0.00919942903256576 0.124423292438549
4.23281652826012 0.0502281504899876 0.0110165942910979 0.125613468670349
4.24539547782404 0.0522447805436914 0.0128337595496299 0.126594648559904
4.25797442738797 0.0541681581562754 0.0146509248081621 0.127366832107216
4.27055337695189 0.0559958726268149 0.016468090066694 0.127930019312284
4.28313232651581 0.0577256728693482 0.0182852553252262 0.128284210175108
4.29571127607974 0.0593554698928245 0.0201024205837581 0.128429404695688
4.30829022564366 0.0608833390262961 0.0219195858422903 0.128365602874024
4.32086917520758 0.0623075218873894 0.0237367511008222 0.128092804710115
4.33344812477151 0.0636264280924904 0.0255539163593544 0.127611010203963
4.34602707433543 0.0648386367074514 0.0273710816178866 0.126920219355566
4.35860602389935 0.0659428974380197 0.0291882468764185 0.126020432164926
4.37118497346328 0.0669381315595716 0.0310054121349507 0.124911648632042
4.3837639230272 0.0678234325861137 0.0328225773934826 0.123593868756913
4.39634287259112 0.0685980666789045 0.0346397426520148 0.12206709253954
4.40892182215504 0.0692614727954198 0.0364569079105467 0.120331319979924
4.42150077171897 0.069813262579768 0.0382740731690789 0.118386551078063
4.43407972128289 0.0702532199960322 0.0400912384276108 0.116232785833959
4.44665867084681 0.0705813007063878 0.041908403686143 0.11387002424761
4.45923762041074 0.0707976311962072 0.0437255689446749 0.111298266319017
4.47181656997466 0.0709025076487257 0.0455427342032071 0.10851751204818
4.48439551953858 0.0708963945721975 0.047359899461739 0.1055277614351
4.49697446910251 0.0707799231828196 0.0491770647202712 0.102329014479775
4.50955341866643 0.0705538895470443 0.0509942299788034 0.0989212711822058
4.52213236823035 0.0702192524872382 0.0528113952373353 0.0953045315423932
4.53471131779428 0.0697771312549739 0.0546285604958675 0.0914787955603359
4.5472902673582 0.0692288029765608 0.0564457257543995 0.0874440632360353
4.55986921692212 0.0685756998757371 0.0582628910129316 0.0832003345694899
4.57244816648604 0.0678194062787479 0.0600800562714636 0.0787476095607012
4.58502711604997 0.0669616554073281 0.0618972215299957 0.0740858882096679
4.59760606561389 0.0660043259654008 0.0637143867885277 0.069215170516391
4.61018501517781 0.0649494385255701 0.0647994533528957 0.0641416178399823
4.62276396474174 0.0637991517217626 0.0629561251406077 0.0590685550311617
4.63534291430566 0.0625557582546183 0.0611127969283194 0.0540945638357309
4.64792186386958 0.0612216807164874 0.0592694687160314 0.0492196442536914
4.66050081343351 0.0597994672431109 0.0574261405037431 0.0444437962850418
4.67307976299743 0.0582917869992997 0.0555828122914548 0.0397670199297829
4.68565871256135 0.0567014255061244 0.0537394840791667 0.0351893151879151
4.69823766212528 0.0550312798173352 0.0518961558668785 0.0307106820594373
4.7108166116892 0.0532843535529195 0.0500528276545904 0.0263311205443506
4.72339556125312 0.0514637517978682 0.0482094994423021 0.022050630642654
4.73597451081704 0.0495726758743997 0.0463661712300141 0.0178692123543485
4.74855346038097 0.0476144179960236 0.0445228430177258 0.013786865679433
4.76113240994489 0.0455923558119757 0.0426795148054377 0.00980359061790866
4.77371135950881 0.0435099468506673 0.0408361865931494 0.00591938716977433
4.78629030907274 0.0413707228709131 0.0389928583808614 0.00213425533503113
4.79886925863666 0.0391782841297858 0.0371495301685731 -0.00155180488632202
4.81144820820058 0.0369362935760417 0.0353062019562851 -0.0051387934942841
4.82402715776451 0.0346484709781183 0.0334628737439968 -0.00862671048885609
4.83660610732843 0.0323185869957734 0.0316195455317085 -0.0120155558700375
4.84918505689235 0.0299504572044654 0.0297762173194204 -0.0153053296378279
4.86176400645628 0.0275479360816123 0.0279328891071321 -0.0184960317922281
4.8743429560202 0.0251149109638812 0.0260895608948441 -0.0215876623332373
4.88692190558412 0.0226552959846528 0.0242462326825558 -0.0245802212608563
4.89950085514804 0.0201730260008103 0.0224029044702678 -0.0274737085750844
4.91207980471197 0.017672050517956 0.0205595762579795 -0.0302681242759223
4.92465875427589 0.0151563276231441 0.0187162480456914 -0.0329634683633693
4.93723770383981 0.0126298179341411 0.0168729198334031 -0.035559740837426
4.94981665340374 0.010096478574186 0.0150295916211151 -0.0380569416980918
4.96239560296766 0.00756025718112018 0.0131862634088268 -0.0404550709453674
4.97497455253158 0.00502508595969023 0.0113429351965388 -0.0427541285792521
4.98755350209551 0.00249487578569994 0.00949960698425048 -0.0449541145997464
5.00013245165943 -2.64896294025887E-05 0.00765627877196218 -0.0470550290068502
5.01271140122335 -0.0025351595050698 0.00581295055967414 -0.0490568718005632
5.02529035078728 -0.00502732168101841 0.00396962234738585 -0.0509596429808858
5.0378693003512 -0.00749920822125626 0.00212629413509781 -0.0527633425478176
5.05044824991512 -0.00994710092478896 0.000282965922809519 -0.0544679705013591
5.06302719947904 -0.0123673367351753 -0.00156036228947852 -0.0560735268415098
5.07560614904297 -0.014756313041313 -0.00340369050176682 -0.0575800115682701
5.08818509860689 -0.0171104928620004 -0.00524701871405486 -0.0589874246816396
5.10076404817081 -0.0194264099070566 -0.00709034692634315 -0.0602957661816188
5.11334299773474 -0.0217006735079671 -0.00893367513863119 -0.0615050360682071
5.12592194729866 -0.0239299734112756 -0.0107770033509195 -0.0626152343414051
5.13850089686258 -0.0261110844281501 -0.0126203315632075 -0.0636263610012124
5.15107984642651 -0.0282408709338163 -0.0144636597754958 -0.0645384160476292
5.16365879599043 -0.0303162912107829 -0.0163069879877841 -0.0653513994806554
5.17623774555435 -0.0323344016300608 -0.0181503162000722 -0.0660653113002909
5.18881669511828 -0.0342923606648274 -0.0199936444123605 -0.066680151506536
5.2013956446822 -0.0361874327312702 -0.0218369726246485 -0.0671959200993904
5.21397459424612 -0.0380169918516279 -0.0236803008369368 -0.0676126170788543
5.22655354381004 -0.0397785251347178 -0.0255236290492248 -0.0679302424449275
5.23913249337397 -0.0414696360695508 -0.0273669572615131 -0.0681487961976103
5.25171144293789 -0.0430880476279139 -0.0292102854738012 -0.0682682783369024
5.26429039250181 -0.0446316051721197 -0.0310536136860895 -0.068288688862804
5.27686934206574 -0.0460982791644129 -0.0328969418983775 -0.0682100277753149
5.28944829162966 -0.0474861676748483 -0.0347402701106658 -0.0680322950744353
5.30202724119358 -0.0487934986847598 -0.0365835983229538 -0.0677554907601652
5.31460619075751 -0.0500186321832641 -0.0384269265352421 -0.0673796148325044
5.32718514032143 -0.0511600620545552 -0.0402702547475304 -0.066904667291453
5.33976408988535 -0.0522164177540745 -0.0421135829598185 -0.0663306481370111
5.35234303944928 -0.053186465771962 -0.0439569111721067 -0.0656575573691786
5.3649219890132 -0.0540691108825158 -0.0458002393843948 -0.0648853949879556
5.37750093857712 -0.0548633971787182 -0.0476435675966831 -0.0640141609933419
5.39007988814105 -0.0555685088912049 -0.0494868958089711 -0.0630438553853377
5.40265883770497 -0.0561837709913858 -0.0513302240212594 -0.0619744781639429
5.41523778726889 -0.0567086495787427 -0.0531735522335475 -0.0608060293291576
5.42781673683282 -0.057142752052658 -0.0550168804458358 -0.0595385088809815
5.44039568639674 -0.0574858270694443 -0.0568602086581238 -0.0581719168194151
5.45297463596066 -0.0577377642855674 -0.0567240860348682 -0.0567240860348682
5.46555358552458 -0.0578985938883672 -0.0552683295212503 -0.0552683295212503
5.47813253508851 -0.0579684859158976 -0.0538125730076321 -0.0538125730076321
5.49071148465243 -0.0579477493678113 -0.052356816494014 -0.052356816494014
5.50329043421635 -0.0578368311095233 -0.050901059980396 -0.0509010599803961
5.51586938378028 -0.0576363145721863 -0.0494453034667778 -0.0494453034667779
5.5284483333442 -0.0573469182513058 -0.0479895469531599 -0.04798954695316
5.54102728290812 -0.0569694940071131 -0.0465337904395417 -0.0465337904395418
5.55360623247205 -0.0565050251701006 -0.0450780339259238 -0.0450780339259239
5.56618518203597 -0.0559546244553966 -0.0436222774123056 -0.0436222774123057
5.57876413159989 -0.055319531689936 -0.0421665208986877 -0.0421665208986878
5.59134308116382 -0.0546011113566394 -0.0407107643850695 -0.0407107643850696
5.60392203072774 -0.0538008499600772 -0.0392550078714516 -0.0392550078714517
5.61650098029166 -0.0529203532183395 -0.0377992513578334 -0.0377992513578335
5.62907992985558 -0.0519613430860799 -0.0363434948442155 -0.0363434948442156
5.64165887941951 -0.0509256546139263 -0.0348877383305973 -0.0348877383305975
5.65423782898343 -0.0498152326496856 -0.0334319818169792 -0.0334319818169793
5.66681677854735 -0.0486321283869778 -0.0319762253033612 -0.0319762253033614
5.67939572811128 -0.0473784957671421 -0.0305204687897431 -0.0305204687897432
5.6919746776752 -0.0460565877404604 -0.0290647122761251 -0.0290647122761253
5.70455362723912 -0.0446687523929206 -0.027608955762507 -0.0276089557625071
5.71713257680305 -0.0432174289449296 -0.026153199248889 -0.0261531992488892
5.72971152636697 -0.041705143628541 -0.0246974427352708 -0.024697442735271
5.74229047593089 -0.0401345054499333 -0.0232416862216529 -0.0232416862216531
5.75486942549482 -0.0385082018440036 -0.0217859297080347 -0.0217859297080349
5.76744837505874 -0.0368289942280919 -0.0203301731944168 -0.020330173194417
5.78002732462266 -0.0350997134619603 -0.0188744166807986 -0.0188744166807988
5.79260627418659 -0.03332325522128 -0.0174186601671805 -0.0174186601671807
5.80518522375051 -0.0315025752919644 -0.0159629036535625 -0.0159629036535627
5.81776417331443 -0.0296406847927866 -0.0145071471399444 -0.0145071471399446
5.83034312287835 -0.027740645333798 -0.0130513906263264 -0.0130513906263266
5.84292207244228 -0.0258055641181243 -0.0115956341127083 -0.0115956341127085
5.8555010220062 -0.023838588994781 -0.0101398775990903 -0.0101398775990905
5.86807997157012 -0.0218429034701808 -0.00868412108547216 -0.00868412108547235
5.88065892113405 -0.0198217216860572 -0.00722836457185421 -0.0072283645718544
5.89323787069797 -0.0177782833715221 -0.00577260805823605 -0.00577260805823624
5.90581682026189 -0.0157158487770138 -0.0043168515446181 -0.00431685154461829
5.91839576982582 -0.0136376935978605 -0.00286109503099995 -0.00286109503100013
5.93097471938974 -0.0115471038951965 -0.001405338517382 -0.00140533851738218
5.94355366895366 -0.00944737102191608 5.04179962361601E-05 5.04179962359796E-05
5.95613261851759 -0.00734178656133697 0.00150617450985431 0.00150617450985414
5.96871156808151 -0.00523363728617949 0.00296193102347226 0.00296193102347209
5.98129051764543 -0.00312620014541193 0.00441768753709042 0.00441768753709024
5.99386946720935 -0.0010227372864508 0.00587344405070837 0.00587344405070821
6.00644841677328 0.0010735088798974 0.00732920056432652 0.00732920056432636
6.0190273663372 0.00315932056443199 0.00878495707794448 0.00878495707794431
6.03160631590112 0.00523150942730493 0.0102407135915626 0.0102407135915625
6.04418526546505 0.00728692134141606 0.0116964701051806 0.0116964701051804
6.05676421502897 0.00932244108450278 0.0131522266187987 0.0131522266187986
6.06934316459289 0.0113349969530853 0.0146079831324167 0.0146079831324165
6.08192211415682 0.0133215652915897 0.0160637396460348 0.0160637396460347
6.09450106372074 0.0152791749301066 0.0175194961596528 0.0175194961596527
6.10708001328466 0.0172049115244228 0.018975252673271 0.0189752526732708
6.11965896284859 0.0190959217921197 0.0204310091868891 0.020431009186889
6.13223791241251 0.0209494176387274 0.0218867657005071 0.0218867657005069
6.14481686197643 0.0227626801680987 0.0233425222141252 0.0233425222141251
6.15739581154035 0.0245330635713694 0.0247982787277432 0.0247982787277431
6.16997476110428 0.0262579988890834 0.0262540352413613 0.0262540352413612
6.1825537106682 0.0279349976412545 0.0277097917549793 0.0277097917549792
6.19513266023212 0.029561655320378 0.0291655482685974 0.0291655482685974
6.20771160979605 0.0311356547426097 0.0306213047822154 0.0306213047822153
6.22029055935997 0.0326547692525821 0.0320770612958335 0.0320770612958335
6.23286950892389 0.0341168657775457 0.0335328178094515 0.0335328178094514
6.24544845848782 0.0355199077267847 0.0349885743230696 0.0349885743230696
6.25802740805174 0.0368619577324917 0.0364443308366876 0.0364443308366876
6.27060635761566 0.0381411802285506 0.0379000873503057 0.0379000873503057
6.28318530717959 0.0393558438639239 0.0393558438639239 0.0393558438639239
