-6.27060635761566 0.0112326978543365 0.000485899231128851 0.000485899231128851
-6.25802740805174 0.0117042679037197 0.000953486574495548 0.000953486574495548
-6.24544845848782 0.0121593641592845 0.00140276203010009 0.00140276203010009
-6.23286950892389 0.0125972088216986 0.00183372559794248 0.00183372559794248
-6.22029055935997 0.0130170477811291 0.00224637727802272 0.00224637727802272
-6.20771160979605 0.0134181518788934 0.0026407170703408 0.0026407170703408
-6.19513266023212 0.0138007591340382 0.00301674497489675 0.00301674497489675
-6.1825537106682 0.0141622601894607 0.00337446099169052 0.00337446099169052
-6.16997476110428 0.0145029991169489 0.00371386512072214 0.00371386512072214
-6.15739581154036 0.0148223585580473 0.00403495736199161 0.00403495736199161
-6.14481686197643 0.0151197518763081 0.00433773771549892 0.00433773771549892
-6.13223791241251 0.0153952910395861 0.00462220618124407 0.00462220618124407
-6.11965896284859 0.0156470612354842 0.00488836275922708 0.00488836275922708
-6.10708001328466 0.0158752986343673 0.00513620744944793 0.00513620744944792
-6.09450106372074 0.0160795494425528 0.00536574025190662 0.00536574025190662
-6.08192211415682 0.0162593952877098 0.00557696116660316 0.00557696116660316
-6.06934316459289 0.016414454011225 0.00576987019353755 0.00576987019353755
-6.05676421502897 0.0165446771735179 0.00594446733270978 0.00594446733270978
-6.04418526546505 0.0166490989157116 0.00610075258411986 0.00610075258411986
-6.03160631590112 0.0167278108388534 0.00623872594776779 0.00623872594776779
-6.0190273663372 0.0167805825930706 0.00635838742365356 0.00635838742365356
-6.00644841677328 0.0168072231927499 0.00645973701177718 0.00645973701177718
-5.99386946720935 0.016807548927004 0.00654277471213864 0.00654277471213864
-5.98129051764543 0.0167814470282302 0.00660750052473795 0.00660750052473795
-5.96871156808151 0.0167288813689616 0.0066539144495751 0.0066539144495751
-5.95613261851759 0.016649822516204 0.0066820164866501 0.0066820164866501
-5.94355366895366 0.0165442820950758 0.00669180663596295 0.00669180663596295
-5.93097471938974 0.0164123129433789 0.00668328489751364 0.00668328489751364
-5.91839576982582 0.0162535751212441 0.00665645127130218 0.00665645127130218
-5.90581682026189 0.0160690061489883 0.00661130575732857 0.00661130575732856
-5.89323787069797 0.0158584153388026 0.0065478483555928 0.0065478483555928
-5.88065892113405 0.0156220207701472 0.00646607906609487 0.00646607906609487
-5.86807997157012 0.0153600815608807 0.00636599788883479 0.00636599788883479
-5.8555010220062 0.0150721388373211 0.00624760482381256 0.00624760482381255
-5.84292207244228 0.0147599880793251 0.00611089987102817 0.00611089987102817
-5.83034312287835 0.0144233147040606 0.00595588303048163 0.00595588303048163
-5.81776417331443 0.0140625391908549 0.00578255430217293 0.00578255430217293
-5.80518522375051 0.0136781212936954 0.00559091368610209 0.00559091368610209
-5.79260627418659 0.0132705595000076 0.00538096118226908 0.00538096118226908
-5.78002732462266 0.0128392731812649 0.00515269679067393 0.00515269679067393
-5.76744837505874 0.0123870158941027 0.00490612051131662 0.00490612051131662
-5.75486942549482 0.011913337831105 0.00464123234419715 0.00464123234419715
-5.74229047593089 0.0114188858664822 0.00435803228931553 0.00435803228931553
-5.72971152636697 0.0109043419878039 0.00405652034667174 0.00405652034667174
-5.71713257680305 0.0103704223958888 0.00373669651626584 0.00373669651626584
-5.70455362723912 0.00981645471633746 0.00339856079809773 0.00339856079809773
-5.6919746776752 0.00924602015838633 0.0030421131921675 0.0030421131921675
-5.67939572811128 0.00865855602640719 0.00266735369847511 0.00266735369847511
-5.66681677854735 0.00805490533911102 0.00227428231702057 0.00227428231702057
-5.65423782898343 0.00743594000500486 0.00186289904780387 0.00186289904780387
-5.64165887941951 0.0068009385951418 0.00143320389082502 0.00143320389082502
-5.62907992985559 0.00615403615930427 0.000985196846084016 0.000985196846084014
-5.61650098029166 0.005494598158163 0.000518877913580854 0.000518877913580856
-5.60392203072774 0.0048235994646767 3.42470933155405E-05 3.4247093315544E-05
-5.59134308116382 0.00414203728599249 -0.000468695614711922 -0.000468695614711922
-5.57876413159989 0.00345092972416688 -0.000989950210501543 -0.000989950210501547
-5.56618518203597 0.00274953321395638 -0.00152951669405335 -0.00152951669405336
-5.55360623247205 0.00204244783369217 -0.00208739506536725 -0.00208739506536725
-5.54102728290812 0.00132898452282265 -0.00266358532444337 -0.00266358532444337
-5.5284483333442 0.000610229869727197 -0.0032580874712816 -0.00325808747128161
-5.51586938378028 -0.000112716375844868 -0.003870901505882 -0.003870901505882
-5.50329043421635 -0.000840583942999018 -0.00450202742824455 -0.00450202742824455
-5.49071148465243 -0.00156857321925308 -0.00515146523836925 -0.00515146523836925
-5.47813253508851 -0.00229738949612057 -0.0058192149362561 -0.0058192149362561
-5.46555358552459 -0.00302589697284983 -0.00650527652190511 -0.00650527652190511
-5.45297463596066 -0.00375295510254303 -0.00720964999531627 -0.00720964999531627
-5.44039568639674 -0.00447742032952114 -0.00792901543485964 -0.00793232206351008
-5.42781673683282 -0.00519996675282186 -0.00863266356545826 -0.00867276266892902
-5.41523778726889 -0.00591579842097412 -0.00931312456344474 -0.00942977045855083
-5.40265883770497 -0.00662560312462701 -0.00997039842881915 -0.0102020992155475
-5.39007988814105 -0.00732824286894906 -0.0106044851615813 -0.0109885027230909
-5.37750093857712 -0.00802258547595824 -0.0112153847617315 -0.011787734764353
-5.3649219890132 -0.00870922743063207 -0.0118030972292694 -0.0125985491225058
-5.35234303944928 -0.00938358327353228 -0.0123676225641953 -0.0134196995807211
-5.33976408988535 -0.0100462952716536 -0.012908960766509 -0.014249939922171
-5.32718514032143 -0.0106962722258698 -0.0134271118362106 -0.0150880239300273
-5.31460619075751 -0.0113324375588019 -0.0139220757733 -0.0159327053874621
-5.30202724119358 -0.0119537310427268 -0.0143938525777773 -0.0167827380776472
-5.28944829162966 -0.0125606220509332 -0.0148424422496425 -0.0176368757837547
-5.27686934206574 -0.0131490209303448 -0.0152678447888956 -0.0184938722889564
-5.26429039250182 -0.0137194798777239 -0.0156700601955365 -0.0193524813764243
-5.25171144293789 -0.014271021023141 -0.0160490884695653 -0.0202114568293303
-5.23913249337397 -0.0148026911814416 -0.016404929610982 -0.0210695524308465
-5.22655354381005 -0.0153135634382544 -0.0167375836197866 -0.0219255219641446
-5.21397459424612 -0.0158039488444499 -0.017047050495979 -0.0227781192123968
-5.2013956446822 -0.016270499160576 -0.0173333302395593 -0.0236260979587748
-5.18881669511828 -0.0167136417274869 -0.0175964228505274 -0.0244682119864507
-5.17623774555435 -0.0171325699656293 -0.0178363283288835 -0.0253032150785964
-5.16365879599043 -0.0175265109593685 -0.0180530466746274 -0.0261298610183838
-5.15107984642651 -0.017895625753788 -0.0182465778877591 -0.0269469035889849
-5.13850089686258 -0.0182373471226732 -0.0184169219682788 -0.0277530965735717
-5.12592194729866 -0.0185519761421006 -0.0185640789161863 -0.028547193755316
-5.11334299773474 -0.0188388876983213 -0.0186880487314817 -0.0293279489173899
-5.10076404817082 -0.0190974966160682 -0.0187888314141649 -0.0300941158429652
-5.08818509860689 -0.0193272587545487 -0.018866426964236 -0.0308444483152139
-5.07560614904297 -0.0195281417789385 -0.018920835381695 -0.031577700117308
-5.06302719947905 -0.019698671199801 -0.0189520566665419 -0.0322926250324193
-5.05044824991512 -0.0198389767197436 -0.0189600908187766 -0.0329879768437199
-5.0378693003512 -0.0199486882353275 -0.0189449378383992 -0.0336625093343817
-5.02529035078728 -0.0200274812629611 -0.0189065977254097 -0.0343149762875765
-5.01271140122335 -0.0200751583664297 -0.0188450704798081 -0.0349441314864765
-5.00013245165943 -0.0200912471899363 -0.0187603561015943 -0.0355487287142534
-4.98755350209551 -0.020075724307571 -0.0186524545907684 -0.0361275217540793
-4.97497455253158 -0.0200284544140149 -0.0185213659473303 -0.0366792643891261
-4.96239560296766 -0.0199493507677131 -0.0183670901712802 -0.0372027104025658
-4.94981665340374 -0.0198383755680586 -0.0181896272626179 -0.0376966135775702
-4.93723770383982 -0.0196951382611997 -0.0179889772213434 -0.0381597276973114
-4.92465875427589 -0.0195204233802861 -0.0177651400474569 -0.0385908065449612
-4.91207980471197 -0.0193140202081988 -0.0175181157409582 -0.0389886039036916
-4.89950085514805 -0.0190760891387176 -0.0172479043018474 -0.0393518735566746
-4.88692190558412 -0.0188068402860886 -0.0169545057301244 -0.0396793692870821
-4.8743429560202 -0.0185065334153274 -0.0166379200257893 -0.039969844878086
-4.86176400645628 -0.0181746009533543 -0.0162981471888421 -0.0402220541128583
-4.84918505689235 -0.0178130786990659 -0.0159351872192828 -0.040434750774571
-4.83660610732843 -0.0174215748818453 -0.0155490401171113 -0.0406066886463959
-4.82402715776451 -0.0170005457733705 -0.0151397058823277 -0.040736621511505
-4.81144820820058 -0.0165504958047726 -0.014707184514932 -0.0408233031530703
-4.79886925863666 -0.0160707299706982 -0.0142514760149241 -0.0408654873542637
-4.78629030907274 -0.0155642717514221 -0.0137725803823042 -0.0408619278982572
-4.77371135950881 -0.0150305909790388 -0.013270497617072 -0.0408113785682226
-4.76113240994489 -0.0144703788277691 -0.0127452277192278 -0.040712593147332
-4.74855346038097 -0.0138843712529966 -0.0121967706887714 -0.0405643254187572
-4.73597451081705 -0.0132733480955355 -0.0116251265257029 -0.0403653291656703
-4.72339556125312 -0.0126364939951438 -0.0110302952300223 -0.0401143581712431
-4.7108166116892 -0.01197789190389 -0.0104122768017295 -0.0398101662186476
-4.69823766212528 -0.0112968693864081 -0.00977107124082462 -0.0394515070910558
-4.68565871256135 -0.0105943715559078 -0.0091066785473076 -0.0390371345716396
-4.67307976299743 -0.0098713818818903 -0.00841909872117846 -0.0385658024435709
-4.66050081343351 -0.00912701741419197 -0.00770833176243718 -0.0380362644900217
-4.64792186386958 -0.00836609604496974 -0.00697437767108378 -0.0374472744941639
-4.63534291430566 -0.00758785281169683 -0.00621723644711825 -0.0367975862391695
-4.62276396474174 -0.00679341101166464 -0.00543690809054058 -0.0360859535082104
-4.61018501517781 -0.00598392515299473 -0.00463339260135073 -0.0353111300844586
-4.59760606561389 -0.00516057935154957 -0.00382142443162839 -0.0344722004323682
-4.58502711604997 -0.00432245422781952 -0.00303139338878736 -0.0335706929577449
-4.57244816648605 -0.00347502369292296 -0.00226422037608282 -0.0326092314481419
-4.55986921692212 -0.00261744961625787 -0.00151990539351457 -0.0315904448580071
-4.5472902673582 -0.00175101753326201 -0.000798448441082752 -0.0305169621417889
-4.53471131779428 -0.000877033810546823 -9.98495187873247E-05 -0.0293914122539353
-4.52213236823035 5.41139068738206E-06 0.000575891373371714 -0.0282164241488945
-4.50955341866643 0.00089051610037777 0.00122877423539437 -0.0269946267811146
-4.49697446910251 0.00177914399134405 0.00185879906728063 -0.0257286491050436
-4.48439551953858 0.00266992460772697 0.0024659658690305 -0.0244211200751299
-4.47181656997466 0.00356147647466248 0.00305027464064399 -0.0230746686458214
-4.45923762041074 0.00445240915432948 0.00361172538212109 -0.0216919237715663
-4.44665867084681 0.00534357200151364 0.00415031809346184 -0.0202755144068127
-4.43407972128289 0.00622905913064437 0.00466605277466613 -0.0188280695060089
-4.42150077171897 0.00710971933774801 0.0051589294257341 -0.0173522180236028
-4.40892182215504 0.00798414734574404 0.00562894804666564 -0.0158505889140427
-4.39634287259112 0.00885093951164767 0.0060761086374608 -0.0143258111317766
-4.3837639230272 0.00970869598562102 0.00650041119811957 -0.0127805136312528
-4.37118497346328 0.010558153596316 0.00690185572864196 -0.0112173253669193
-4.35860602389935 0.0113936334762007 0.00728044222902795 -0.00963887529322433
-4.34602707433543 0.0122159190705184 0.00763617069927756 -0.00804779236461594
-4.33344812477151 0.0130236474026057 0.00796904113939078 -0.00644670553554227
-4.32086917520758 0.0138154701181926 0.00827905354936761 -0.00483824376045147
-4.30829022564366 0.0145919936183997 0.00856620792920806 -0.00322503599379168
-4.29571127607974 0.0153479806428233 0.00883050427891211 -0.00160971119001101
-4.28313232651581 0.0160841228881154 0.0090719425984798 5.10169644250477E-06
-4.27055337695189 0.0167991518785987 0.00929052288791106 0.00161677371112039
-4.25797442738797 0.017491824339193 0.00948624514720597 0.00322267589957497
-4.24539547782405 0.0181609242440057 0.00965910937636446 0.00482017930735767
-4.23281652826012 0.018806863671505 0.00980911557538659 0.00640665498002081
-4.2202375786962 0.0194252224007674 0.00993626374427232 0.00797947396311591
-4.20765862913228 0.0200165412183957 0.0100405538830217 0.00953600730219493
-4.19507967956835 0.020579733034705 0.0101219859916346 0.0110736260428098
-4.18250073000443 0.0211137477510419 0.0101805600701112 0.0125897012305123
-4.16992178044051 0.0216188104529401 0.0102162761184513 0.0140816039108544
-4.15734283087658 0.0220913976313644 0.0102291341366551 0.0155467051293879
-4.14476388131266 0.022531895065742 0.0102191341247225 0.0169823759316647
-4.13218493174874 0.0229394184840977 0.0101862760826536 0.0183859873632365
-4.11960598218481 0.0233131292222835 0.0101305600104482 0.0197549104696556
-4.10702703262089 0.0236522357794966 0.0100519859081064 0.0210865162964733
-4.09444808305697 0.0239567188693523 0.00995055377562825 0.022378175889242
-4.08186913349305 0.0242243465428712 0.00982626361301373 0.0236272602935131
-4.06929018392912 0.0244552915658413 0.00967911542026279 0.0248311405548388
-4.0567112343652 0.0246489655031489 0.00950910919737547 0.0259871877187709
-4.04413228480128 0.0248048338834728 0.00931624494435176 0.0270927728308611
-4.03155333523735 0.0249226660702903 0.00910052266119167 0.0281452669366615
-4.01897438567343 0.0250014429498823 0.0088619423478952 0.0291420410817238
-4.00639543610951 0.0250411448695595 0.00860050400446233 0.0300804663115999
-3.99381648654558 0.0250414640540705 0.00831620763089308 0.0309579136718418
-3.98123753698166 0.0250021516448291 0.00800905322718743 0.0317717542080012
-3.96865858741774 0.0249230184461364 0.00767904079334539 0.03251935896563
-3.95607963785381 0.0248035833428581 0.00732617032936697 0.0331980989902802
-3.94350068828989 0.0246443815031718 0.00695044183525216 0.0338053453275035
-3.93092173872597 0.0244451555009125 0.00655185531100098 0.0343384690228518
-3.91834278916204 0.0242059606850073 0.00613041075661339 0.034794841121877
-3.90576383959812 0.0239269144928833 0.00568610817208941 0.0351718326701311
-3.8931848900342 0.0236081966653544 0.00521894755742905 0.0354668147131657
-3.88060594047028 0.0232490928750074 0.0047289289126323 0.0356771582965329
-3.86802699090635 0.022851722122005 0.00421605223769917 0.0358002344657844
-3.85544804134243 0.022415594545311 0.00368031753262964 0.0358334142664722
-3.84286909177851 0.0219411395501367 0.00312172479742373 0.035774068744148
-3.83029014221458 0.0214288485223356 0.00254027403208144 0.0356195689443639
-3.81771119265066 0.0208778363488447 0.00193596523660274 0.0353672859126716
-3.80513224308674 0.0202915015041741 0.00130879841098765 0.035014590694623
-3.79255329352281 0.0196691745089565 0.000658773555236192 0.03455885433577
-3.77997434395889 0.0190115904058237 -1.41093306516571E-05 0.0339974478816644
-3.76739539439497 0.0183195435358877 -0.000709095349522351 0.033327750899709
-3.75481644483104 0.017593886720575 -0.001401272895309 0.0325489495896776
-3.74223749526712 0.0168335697717761 -0.00207856361355495 0.0316642609867762
-3.7296585457032 0.0160434017430793 -0.00274096750426015 0.0306774475246625
-3.71707959613927 0.0152225262042969 -0.00338848456742462 0.0295922716369941
-3.70450064657535 0.0143720200090269 -0.00402111480304837 0.0284124957574286
-3.69192169701143 0.0134930130228383 -0.0046388582111314 0.0271418823196237
-3.67934274744751 0.0125843586298037 -0.0052417147916737 0.0257841937572371
-3.66676379788358 0.011651880377233 -0.00582968454467528 0.0243431925039265
-3.65418484831966 0.0106945982689678 -0.00640276747013616 0.0228226409933494
-3.64160589875574 0.00971383987656416 -0.00696096356805629 0.0212263016591635
-3.62902694919181 0.00871097813207306 -0.00750427283843569 0.0195579369350266
-3.61644799962789 0.00768742955426105 -0.00803269528127437 0.0178213092545962
-3.60386905006397 0.00664198931517429 -0.00854623089657233 0.01602018105153
-3.59129010050004 0.00558143869298389 -0.00904487968432957 0.0141583147594857
-3.57871115093612 0.00450469737330073 -0.00952864164454609 0.0122394728121208
-3.5661322013722 0.00341333707127156 -0.00999751677722188 0.0102674176430931
-3.55355325180827 0.00230896310981232 -0.0104515050823569 0.00824591168606031
-3.54097430224435 0.00119037450302606 -0.0108906065599513 0.00617871737467996
-3.52839535268043 6.48901211199315E-05 -0.0113148212100049 0.00406959714260975
-3.51581640311651 -0.00106860827671762 -0.0117241490325178 0.00192231342350732
-3.50323745355258 -0.00220840346287299 -0.01211859002749 -0.00025937134896975
-3.49065850398866 -0.00335275618619113 -0.0124981441949214 -0.00247169474116364
-3.47807955442474 -0.00449990764809227 -0.0128628115348121 -0.00471089431941678
-3.46550060486081 -0.00565098857952928 -0.0132125920471621 -0.00697320765007149
-3.45292165529689 -0.00679839136091553 -0.0135474857319714 -0.00925487229947017
-3.44034270573297 -0.00794322005561465 -0.0138674925892399 -0.0115521258339551
-3.42776375616904 -0.00908366328451149 -0.0141726126189677 -0.0138612058198687
-3.41518480660512 -0.0102179031289165 -0.0144628458211548 -0.0161783498235533
-3.4026058570412 -0.0113441178301225 -0.0147381921958012 -0.0184997954113512
-3.39002690747727 -0.0124632967173575 -0.0149986517429069 -0.0208217801496047
-3.37744795791335 -0.0135679622863326 -0.0152442244624718 -0.0231405416046562
-3.36486900834943 -0.0146591371440872 -0.015474910354496 -0.0254523173428481
-3.35229005878551 -0.0157350116213227 -0.0156907094189795 -0.0277533449305227
-3.33971110922158 -0.0167937860038968 -0.0158916216559222 -0.0300398619340224
-3.32713215965766 -0.0178362804749106 -0.0160776470653242 -0.0323081059196894
-3.31455321009374 -0.0188554547560734 -0.0162487856471855 -0.0345543144538661
-3.30197426052981 -0.0198522130027737 -0.0164050374015061 -0.0367747251028949
-3.28939531096589 -0.0208248232512829 -0.016546402328286 -0.0389655754331182
-3.27681636140197 -0.0217715774107267 -0.0166728804275251 -0.0411231030108782
-3.26423741183804 -0.0226907940154961 -0.0167844716992235 -0.0432435454025173
-3.25165846227412 -0.0235830357690647 -0.0168811761433812 -0.0453231401743779
-3.2390795127102 -0.0244421729837853 -0.0169629937599982 -0.0473581248928023
-3.22650056314627 -0.0252689112395342 -0.0170299245490744 -0.0493447371241328
-3.21392161358235 -0.0260617027438397 -0.0170819685106099 -0.0512792144347118
-3.20134266401843 -0.0268190397249422 -0.0171191256446047 -0.0531577943908816
-3.18876371445451 -0.0275412327827599 -0.0171413959510587 -0.0549767145589846
-3.17618476489058 -0.028223211489433 -0.0171487794299721 -0.0567322125053632
-3.16360581532666 -0.0288654745933637 -0.0171412760813447 -0.0584205257963597
-3.15102686576274 -0.0294666998244479 -0.0171188859051766 -0.0600378919983163
-3.13844791619881 -0.0300256173356733 -0.0170816089014677 -0.0615805486775755
-3.12586896663489 -0.0305410120198739 -0.0170294450702182 -0.0630447334004796
-3.11329001707097 -0.0310128597988109 -0.0169623944114279 -0.0644266837333709
-3.10071106750704 -0.0314376764273028 -0.0168804569250969 -0.065722637242592
-3.08813211794312 -0.0318156729992445 -0.0167836326112252 -0.0669288314944849
-3.0755531683792 -0.0321458753822825 -0.0166719214698127 -0.068041504055392
-3.06297421881527 -0.0324273747549384 -0.0165453235008595 -0.0690568924916558
-3.05039526925135 -0.0326598531758517 -0.0164038387043656 -0.0699712343696186
-3.03781631968743 -0.03284136234069 -0.016247467080331 -0.0707807672556227
-3.0252373701235 -0.0329718506357876 -0.0160762086287556 -0.0714817287160105
-3.01265842055958 -0.0330506886618628 -0.0158900633496396 -0.0720703563171243
-3.00007947099566 -0.0330773208882216 -0.0156890312429828 -0.0725428876253064
-2.98750052143174 -0.0330512670871703 -0.0154731123087852 -0.0728955602068992
-2.97492157186781 -0.032971855641971 -0.015242306547047 -0.0731246116282451
-2.96234262230389 -0.0328391613170097 -0.014996613957768 -0.0732262794556863
-2.94976367273997 -0.0326528044243931 -0.0147360345409483 -0.0731968012555654
-2.93718472317604 -0.0324126184842093 -0.0144605682965879 -0.0730324145942244
-2.92460577361212 -0.032118517963162 -0.0141721656645181 -0.0727296396475826
-2.9120268240482 -0.0317704990799799 -0.0138788451196013 -0.072289225268188
-2.89944787448427 -0.0313675549302452 -0.0135814735239848 -0.0717151755522313
-2.88686892492035 -0.0309118827200876 -0.0132800508776685 -0.0710115783320741
-2.87428997535643 -0.0304027784006133 -0.0129745771806524 -0.0701825214400779
-2.8617110257925 -0.0298405711913037 -0.0126650524329366 -0.0692320927086044
-2.84913207622858 -0.0292256743714376 -0.0123514766345211 -0.0681643799700152
-2.83655312666466 -0.0285568307955681 -0.0120338497854058 -0.0669834710566718
-2.82397417710074 -0.0278380013939719 -0.0117121718855907 -0.0656934538009359
-2.81139522753681 -0.0270682288317949 -0.0113864429350759 -0.064298416035169
-2.79881627797289 -0.0262482626929964 -0.0110566629338614 -0.0628024455917327
-2.78623732840897 -0.0253789359367231 -0.0107228318819471 -0.0612096303029886
-2.77365837884504 -0.0244611643920333 -0.010384949779333 -0.0595240580012982
-2.76107942928112 -0.0234934432246239 -0.0100430166260192 -0.0577498165190233
-2.7485004797172 -0.022481741854909 -0.00969703242200567 -0.0558909936885253
-2.73592153015327 -0.0214248365346129 -0.00934699716729238 -0.0539516773421659
-2.72334258058935 -0.0203239672475157 -0.00899291086187933 -0.0519359553123066
-2.71076363102543 -0.0191804524651344 -0.00863477350576654 -0.049847915431309
-2.6981846814615 -0.0179926373818 -0.00827258509895398 -0.0476916455315347
-2.68560573189758 -0.0167679958566542 -0.00790634564144169 -0.0454712334453454
-2.67302678233366 -0.0155051261326906 -0.00753605513322965 -0.0431907670051025
-2.66044783276973 -0.0142056471606153 -0.00716171357431785 -0.0408543340431677
-2.64786888320581 -0.0128712489490378 -0.00678332096470631 -0.0384660223919026
-2.63528993364189 -0.0115036907246098 -0.00640087730439502 -0.0360299198836688
-2.62271098407797 -0.0101012193052379 -0.00601438259338398 -0.0335501143508278
-2.61013203451404 -0.00867281363994976 -0.00562383683167317 -0.0310306936257411
-2.59755308495012 -0.00721692586928269 -0.00522924001926263 -0.0284757455407706
-2.5849741353862 -0.00573557157937377 -0.00483059215615234 -0.0258893579282776
-2.57239518582227 -0.00423082468802816 -0.0044278932423423 -0.0232756186206239
-2.55981623625835 -0.00270092648670806 -0.00402114327783251 -0.0206386154501709
-2.54723728669443 -0.00115579139480515 -0.00361034226262297 -0.0179824362492804
-2.5346583371305 0.000406184315692115 -0.00319549019671366 -0.0153111688503136
-2.52207938756658 0.00198271925472887 -0.00277658708010462 -0.0126289010856326
-2.50950043800266 0.00357148717833905 -0.00235363291279583 -0.00993972078759865
-2.49692148843873 0.00517011996293493 -0.00192662769478729 -0.00724771578857346
-2.48434253887481 0.00678028412008364 -0.001495571426079 -0.00455697392091856
-2.47176358931089 0.00839139968894925 -0.00106046410667096 -0.00187158301699558
-2.45918463974697 0.0100050491741048 -0.00062130573656316 0.000804369090834006
-2.44660569018304 0.0116187282687562 -0.000178096315755622 0.00346679457020842
-2.43402674061912 0.0132299068809434 0.000269164155751666 0.00611160558876618
-2.4214477910552 0.0148360325673739 0.000720475677958703 0.00873471431414567
-2.40886884149127 0.0164385690055391 0.00117583825086549 0.0113320329139853
-2.39628989192735 0.0180268305035895 0.00163525187447203 0.0138994735559235
-2.38371094236343 0.0196022763029213 0.00209871654877831 0.0164329484075987
-2.3711319927995 0.0211623000691062 0.00256623227378437 0.0189283696366494
-2.35855304323558 0.0227042911504282 0.00303779904949015 0.0213816494107138
-2.34597409367166 0.024229461426666 0.00351341687589569 0.0237886998974304
-2.33339514410773 0.0257274945047953 0.00399308575300097 0.0261454332644376
-2.32081619454381 0.0271996680912876 0.00447680568080601 0.0284477616793739
-2.30823724497989 0.0286433920825064 0.0049645766593108 0.0306915973098776
-2.29565829541597 0.0300560911028571 0.00545639868851535 0.0328728523235872
-2.28307934585204 0.0314352083806262 0.00595227176841963 0.0349874388881411
-2.27050039628812 0.0327815616755661 0.00645219589902367 0.0370312691711777
-2.2579214467242 0.0340858380704683 0.00695617108032745 0.0390002553403353
-2.24534249716027 0.0353490066971821 0.00746419731233098 0.0408903095632524
-2.23276354759635 0.0365686241984136 0.00797627459503426 0.0426973440075675
-2.22018459803243 0.037742285276763 0.0084924029284373 0.0444172708409189
-2.2076056484685 0.03887041223409 0.00901258231254008 0.046046002230945
-2.19502669890458 0.0399449850315728 0.00953681274734261 0.0475794503452843
-2.18244774934066 0.0409666467602162 0.0100650942328449 0.0490135273515752
-2.16986879977673 0.0419331829455274 0.010597426769047 0.0503441454174561
-2.15728985021281 0.0428424362667288 0.0111338103559487 0.0515672167105654
-2.14471090064889 0.0436923102729249 0.0116742449935503 0.0526786533985414
-2.13213195108496 0.0444826895510885 0.0122187306818516 0.0536743676490227
-2.11955300152104 0.045207614480992 0.0127672674208526 0.0545502716296475
-2.10697405195712 0.0458672677129493 0.0133198552105534 0.0553022775080545
-2.0943951023932 0.0464598326426488 0.0138764940509539 0.0559262974518818
-2.08181615282927 0.0469835713385263 0.0144137005102885 0.0564193711701682
-2.06923720326535 0.0474368279077786 0.0149079911567917 0.0567830485375528
-2.05665825370143 0.0478189041483751 0.0153593659904633 0.0570200069700749
-2.0440793041375 0.0481263853441149 0.0157678250113034 0.0571329238837739
-2.03150035457358 0.0483589380612829 0.016133368219312 0.057124476694689
-2.01892140500966 0.0485152668787852 0.0164559956144891 0.0569973428188596
-2.00634245544573 0.048594174020175 0.0167357071968347 0.0567541996723251
-1.99376350588181 0.0485944626700718 0.0169725029663488 0.0563977246711247
-1.98118455631789 0.0485151353370586 0.0171663829230314 0.0559305952312978
-1.96860560675396 0.0483554046395134 0.0173173470668824 0.0553554887688837
-1.95602665719004 0.0481144910085097 0.0174253953979019 0.0546750826999217
-1.94344770762612 0.0477917256532337 0.01749052791609 0.0538920544404513
-1.9308687580622 0.0473865528431239 0.0175127446214465 0.0530090814065116
-1.91828980849827 0.0468971911357494 0.0174920455139715 0.0520288410141421
-1.90571085893435 0.0463257882619969 0.017428430593665 0.050954010679382
-1.89313190937043 0.0456710096875006 0.0173218998605269 0.0497872678182707
-1.8805529598065 0.0449327725301862 0.0171724533145574 0.0485312898468475
-1.86797401024258 0.044111116461111 0.0169800909557563 0.0471887541811518
-1.85539506067866 0.0432038088447926 0.0167448127841238 0.0457623382372227
-1.84281611111473 0.0422157219171275 0.0164666187996597 0.0442547194310998
-1.83023716155081 0.0411450858043817 0.0161455090023641 0.0426685751788223
-1.81765821198689 0.0399924441700892 0.015781483392237 0.0410065828964296
-1.80507926242296 0.0387584692268461 0.0153745419692784 0.039271419999961
-1.79250031285904 0.0374439624860036 0.0149246847334883 0.0374657639054558
-1.77992136329512 0.0360462258243495 0.0144319116848667 0.0355922920289533
-1.7673424137312 0.0345733826623985 0.0138962228234135 0.0336536817864929
-1.75476346416727 0.0330231963813037 0.0133176181491289 0.0316526105941139
-1.74218451460335 0.0313969903976191 0.0126960976620127 0.0295917558678556
-1.72960556503943 0.0296962188228361 0.0120316613620651 0.0274737950237574
-1.7170266154755 0.0279178845594387 0.0113243092492859 0.0253014054778585
-1.70444766591158 0.0260726876124703 0.0105740413236752 0.0230772646461983
-1.69186871634766 0.024158073585085 0.00978085758523292 0.020804049944816
-1.67928976678373 0.0221760160527861 0.0089447580339592 0.0184844387897513
-1.66671081721981 0.0201286166471241 0.00806574266985397 0.0161211085970432
-1.65413186765589 0.0180181040375074 0.00714381149291723 0.0137167367827311
-1.64155291809196 0.0158412608296187 0.00617896450314898 0.0112740007628544
-1.62897396852804 0.0136115656074189 0.00517120170054921 0.00879557795345236
-1.61639501896412 0.01132619952728 0.00412052308511793 0.00628414577056433
-1.6038160694002 0.00898788627069691 0.00302692865685514 0.00374238163022961
-1.59123711983627 0.0065994690202007 0.00189041841576085 0.00117296294848757
-1.57865817027235 0.00416390847011222 0.000710992361835038 -0.00142143285862251
-1.56607922070843 0.00167794989602826 -0.000511349504922286 -0.00403812837506123
-1.5535002711445 -0.000842655362802924 -0.00177660718451112 -0.00667444618478935
-1.54092132158058 -0.00340083052674645 -0.00308478067693147 -0.00932770887176748
-1.52834237201666 -0.00599316760924207 -0.00443586998218342 -0.0119952390199565
-1.51576342245273 -0.00861615339811039 -0.00582987510026679 -0.0146743592133167
-1.50318447288881 -0.0112729124523248 -0.00726679603118167 -0.017362392035809
-1.49060552332489 -0.0139463040393016 -0.00874663277492806 -0.0200566600713939
-1.47802657376096 -0.0166391933811638 -0.010269385331506 -0.0227544859040323
-1.46544762419704 -0.019347676651898 -0.0118350537009154 -0.0254531921176847
-1.45286867463312 -0.0220677607711768 -0.0134436378831563 -0.0281501012963118
-1.44028972506919 -0.0247953670077176 -0.0150951378782287 -0.0308425360238744
-1.42771077550527 -0.0275332492450501 -0.0167895536861327 -0.033527818884333
-1.41513182594135 -0.0302633320413777 -0.0185268853068682 -0.0362032724616484
-1.40255287637743 -0.0329882137907674 -0.0203071327404351 -0.0388662193397812
-1.3899739268135 -0.0357035115404772 -0.0221302959868336 -0.0415139821026921
-1.37739497724958 -0.0384047765702159 -0.0239963750460636 -0.0441438833343417
-1.36481602768566 -0.0410942630222544 -0.0259053699181252 -0.046753245618691
-1.35223707812173 -0.0437538107233134 -0.0278572806030183 -0.0493393915397002
-1.33965812855781 -0.0463856168673099 -0.0298521071007428 -0.0518996436813302
-1.32707917899389 -0.0489850137358975 -0.0318898494112988 -0.0544313246275416
-1.31450022942996 -0.0515472904320767 -0.0339705075346864 -0.0569317569622951
-1.30192127986604 -0.0540676976682517 -0.0360940814709055 -0.0593982632695515
-1.28934233030212 -0.0565476520306453 -0.038260571219956 -0.0618281661332713
-1.27676338073819 -0.0589698069150253 -0.0404699767818381 -0.0642187881374152
-1.26418443117427 -0.061335650897811 -0.0427222981565517 -0.066567451865944
-1.25160548161035 -0.0636403304647316 -0.0450002286302613 -0.0688714677248756
-1.23902653204643 -0.0658789787376485 -0.0471436810999884 -0.0711276727027073
-1.2264475824825 -0.0680521144928864 -0.0491137154596029 -0.0733322888018325
-1.21386863291858 -0.0701438739761305 -0.050910331709105 -0.0754814969240878
-1.20128968335466 -0.0721549610144233 -0.0525335298484948 -0.0775714779713104
-1.18871073379073 -0.0740805075040908 -0.0539833098777719 -0.0795984128453366
-1.17613178422681 -0.0759156582730608 -0.0552596717969366 -0.0815584824480035
-1.16355283466289 -0.0776555764240462 -0.0563626156059888 -0.0834478676811478
-1.15097388509896 -0.0792994692471725 -0.0572921413049286 -0.0852627494466063
-1.13839493553504 -0.0808342399303165 -0.0580482488937559 -0.086999308646216
-1.12581598597112 -0.0822594185881651 -0.0586309383724707 -0.0886537261818134
-1.11323703640719 -0.0835702951592288 -0.059040209741073 -0.0902221829552356
-1.10065808684327 -0.0847622046794563 -0.0592760629995629 -0.0917008598683192
-1.08807913727935 -0.0858305326186238 -0.0593384981479403 -0.0930859378229011
-1.07550018771543 -0.0867729339780002 -0.0592275151862052 -0.0943735977208181
-1.0629212381515 -0.0875801419904348 -0.0589431141143577 -0.095560020463907
-1.05034228858758 -0.0882502692811032 -0.0584852949323977 -0.0966413869540046
-1.03776333902366 -0.0887789560470195 -0.0578540576403251 -0.0976138780929478
-1.02518438945973 -0.0891619191391982 -0.0570494022381402 -0.0984736747825732
-1.01260543989581 -0.0893953533712742 -0.0560713287258428 -0.0992169579247177
-1.00002649033189 -0.0894739566172731 -0.0549198371034329 -0.0998399084212181
-0.987447540767963 -0.0893944873160273 -0.0535949273709105 -0.100338707173911
-0.97486859120404 -0.0891530195699715 -0.0520965995282757 -0.100709535084634
-0.962289641640117 -0.0887457289900091 -0.0504248535755284 -0.100948573055223
-0.949710692076194 -0.0881688974327789 -0.0485796895126686 -0.101052001987515
-0.937131742512271 -0.0874167962514376 -0.0465611073396963 -0.101016002783347
-0.924552792948348 -0.0864897249076922 -0.0443691070566116 -0.100836756344556
-0.911973843384425 -0.0853826332263451 -0.0420036886634144 -0.100510443572979
-0.899394893820502 -0.0840922738374918 -0.0394648521601048 -0.100033245370452
-0.886815944256578 -0.0826155278380006 -0.0367525975466824 -0.0994013426388118
-0.874236994692655 -0.0809449481138962 -0.0338669248231478 -0.0986109162798958
-0.861658045128732 -0.0790861163280768 -0.0308078339895008 -0.0976581471955406
-0.849079095564809 -0.0770323457994347 -0.0275753250457412 -0.096539216287583
-0.836500146000886 -0.0747810716769606 -0.0241693979918692 -0.0952503044578598
-0.823921196436963 -0.0723298768370549 -0.0205900528278847 -0.0937875926082079
-0.81134224687304 -0.0696764953230866 -0.0168372895537878 -0.0921472616404639
-0.798763297309117 -0.0668113200564756 -0.0129111081695783 -0.0903254924564648
-0.786184347745194 -0.0637468637990691 -0.00881150867525645 -0.0883184659580473
-0.773605398181271 -0.0604743578218178 -0.0045384910708221 -0.0861223630470482
-0.761026448617348 -0.0569921726333782 -9.2055356275246E-05 -0.0837333646253044
-0.748447499053425 -0.0532988448163698 0.00452779846838403 -0.0811476515946527
-0.735868549489502 -0.0493829209290191 0.00932107040315578 -0.0783614048569297
-0.723289599925578 -0.0452630522483058 0.0142877604480404 -0.0753708053139723
-0.710710650361655 -0.040928669012675 0.0194278686030371 -0.0721720338676174
-0.698131700797732 -0.0363789957477101 0.0247413948681463 -0.0687612714197019
-0.685552751233809 -0.0316134337811649 0.030228339243368 -0.0651346988720625
-0.672973801669886 -0.0266315628511347 0.0358887017287021 -0.0612884971265359
-0.660394852105963 -0.0214197070759123 0.0417224823241487 -0.057218847084959
-0.64781590254204 -0.0160041297068422 0.0477296810297078 -0.0529219296491686
-0.635236952978117 -0.0103720668906939 0.0539102978453793 -0.0483939257210015
-0.622658003414194 -0.00452382482612279 0.0602643327711633 -0.0436310162022946
-0.610079053850271 0.00154010664734799 0.0667917858070598 -0.0386293819948845
-0.597500104286348 0.00781905357852047 0.0734926569530687 -0.0333852040006082
-0.584921154722425 0.014328866793183 0.0803669462091902 -0.0278946631213024
-0.572342205158502 0.021035623203661 0.0874146535754241 -0.0221539402588039
-0.559763255594578 0.0279542634221275 0.0946357790517709 -0.0161592163149492
-0.547184306030655 0.0350833757786782 0.10203032263823 -0.00990667219157577
-0.534605356466732 0.0424213650702276 0.109598284334801 -0.00339248879052013
-0.522026406902809 0.0499858159465545 0.117339664141485 0.00338715298638097
-0.509447457338886 0.0577365597842247 0.125254462058281 0.0104360722372907
-0.496868507774963 0.065690296127431 0.13334267808519 0.0177580880603723
-0.48428955821104 0.0738447041925901 0.141604312222211 0.0253570195537888
-0.471710608647117 0.0821972851446007 0.150039364469345 0.0332366858157036
-0.459131659083194 0.0907453637745843 0.158647834826591 0.0414009059442798
-0.446552709519271 0.0995084607420362 0.167429723293949 0.0498534990376806
-0.433973759955347 0.108439289224657 0.17638502987142 0.0585982841940692
-0.421394810391424 0.117556542851995 0.185513754559004 0.0676390805116088
-0.408815860827501 0.126856861069061 0.194760403561464 0.0769786109009528
-0.396236911263578 0.136336718170205 0.204010520926127 0.0866114967619403
-0.383657961699654 0.146017090857135 0.213260638290789 0.0965287283732823
-0.371079012135731 0.155845232591192 0.222510755655451 0.106721278885762
-0.358500062571808 0.165841363682926 0.231760873020114 0.117180121450161
-0.345921113007885 0.176001327142072 0.241010990384776 0.127896229217263
-0.333342163443962 0.186320816550746 0.250261107749438 0.138860575337849
-0.320763213880039 0.196795379712939 0.2595112251141 0.150064132962702
-0.308184264316116 0.207447508289487 0.268761342478763 0.161497875242604
-0.295605314752193 0.218218661324556 0.278011459843425 0.173152775328339
-0.28302636518827 0.229130683245635 0.287261577208087 0.185019806370687
-0.270447415624347 0.240178578060475 0.29651169457275 0.197089941520432
-0.257868466060424 0.251357224578263 0.305761811937412 0.209354153928356
-0.2452895164965 0.262690153835203 0.315011929302075 0.221803416745242
-0.232710566932577 0.274114759550406 0.324262046666737 0.23442870312187
-0.220131617368654 0.285654034357819 0.333512164031399 0.247220986209025
-0.207552667804731 0.297302402791723 0.342762281396062 0.260171239157488
-0.194973718240808 0.309054188219836 0.352012398760724 0.273270435118042
-0.182394768676885 0.320903618005548 0.361262516125386 0.286509547241469
-0.169815819112962 0.332875171140802 0.370512633490048 0.299879548678551
-0.157236869549039 0.344902423837741 0.379762750854711 0.313371412580072
-0.144657919985116 0.357009464782196 0.389012868219373 0.326976112096813
-0.132078970421193 0.369190190803689 0.398262985584035 0.340684620379556
-0.11950002085727 0.381438430032725 0.407513102948697 0.354487910579084
-0.106921071293347 0.393747947612984 0.41676322031336 0.36837695584618
-0.094342121729424 0.406143818440788 0.426013337678022 0.382342729331626
-0.0817631721655001 0.418557080238928 0.435263455042685 0.396376204186205
-0.0691842226015771 0.431012579805662 0.444513572407347 0.410468353560697
-0.0566052730376541 0.443503888671486 0.453763689772009 0.424610150605886
-0.044026323473731 0.456024544877859 0.463013807136672 0.438792568472555
-0.031447373909808 0.468599838240097 0.472263924501334 0.453006580311485
-0.018868424345885 0.481159732610159 0.481514041865996 0.467243159273459
-0.00628947478196196 0.493729431471646 0.490764159230658 0.48149327850926
0.00628947478196107 0.506270568528354 0.500014276595321 0.495747911169669
0.0188684243458841 0.518840267389841 0.509264393959983 0.50999803040547
0.0314473739098071 0.531400161759903 0.518514511324645 0.524234609367445
0.0440263234737301 0.543975455122141 0.527764628689308 0.538448621206375
0.0566052730376532 0.556496111328514 0.53701474605397 0.552631039073043
0.0691842226015762 0.568987420194338 0.546264863418632 0.566772836118232
0.0817631721655001 0.581442919761072 0.555514980783295 0.580864985492726
0.0943421217294231 0.593856181559212 0.564765098147957 0.594898460347304
0.106921071293346 0.606252052387016 0.574015215512619 0.608864233832749
0.119500020857269 0.618561569967275 0.583265332877282 0.622753279099845
0.132078970421192 0.630809809196311 0.592515450241944 0.636556569299374
0.144657919985115 0.642990535217804 0.601765567606606 0.650265077582117
0.157236869549038 0.655097576162259 0.611015684971269 0.663869777098858
0.169815819112961 0.667124828859198 0.620265802335931 0.677361641000378
0.182394768676884 0.679096381994452 0.629515919700593 0.690731642437461
0.194973718240807 0.690945811780164 0.638766037065255 0.703970754560888
0.20755266780473 0.702697597208277 0.648016154429918 0.717069950521442
0.220131617368653 0.714345965642181 0.65726627179458 0.730020203469905
0.232710566932576 0.725885240449594 0.666516389159242 0.742812486557059
0.2452895164965 0.737309846164797 0.675766506523905 0.755437772933689
0.257868466060423 0.748642775421737 0.685016623888567 0.767887035750574
0.270447415624346 0.759821421939525 0.69426674125323 0.780151248158498
0.283026365188269 0.770869316754365 0.703516858617892 0.792221383308243
0.295605314752192 0.781781338675444 0.712766975982554 0.804088414350591
0.308184264316115 0.792552491710512 0.722017093347217 0.815743314436325
0.320763213880038 0.803204620287061 0.731267210711879 0.827177056716228
0.333342163443962 0.813679183449254 0.740517328076541 0.838380614341081
0.345921113007885 0.823998672857928 0.749767445441204 0.849344960461667
0.358500062571808 0.834158636317074 0.759017562805866 0.860061068228769
0.371079012135731 0.844154767408808 0.768267680170528 0.870519910793168
0.383657961699654 0.853982909142865 0.77751779753519 0.880712461305647
0.396236911263577 0.863663281829795 0.786767914899853 0.890629692916989
0.408815860827501 0.873143138930939 0.796018032264516 0.900262578777977
0.421394810391424 0.882443457148005 0.805264681266975 0.909602109167321
0.433973759955347 0.891560710775343 0.814393405954559 0.91864290548486
0.44655270951927 0.900491539257964 0.82334871253203 0.927387690641249
0.459131659083193 0.909254636225416 0.832130600999389 0.93584028373465
0.471710608647116 0.917802714855399 0.840739071356635 0.944004503863226
0.484289558211039 0.92615529580741 0.849174123603768 0.951884170125141
0.496868507774962 0.934309703872569 0.85743575774079 0.959483101618557
0.509447457338885 0.942263440215775 0.865523973767698 0.966805117441639
0.522026406902808 0.950014184053446 0.873438771684495 0.973854036692549
0.534605356466731 0.957578634929772 0.881180151491178 0.98063367846945
0.547184306030654 0.964916624221322 0.88874811318775 0.987147861870505
0.559763255594577 0.972045736577873 0.896142656774209 0.993400405993879
0.572342205158501 0.978964376796339 0.903363782250556 0.999395129937734
0.584921154722424 0.985671133206817 0.910411489616789 1.00513585280023
0.597500104286347 0.992180946421479 0.917285778872911 1.01062639367954
0.61007905385027 0.998459893352652 0.92398665001892 1.01587057167381
0.622658003414193 1.00452382482612 0.930514103054816 1.02087220588122
0.635236952978116 1.01037206689069 0.9368681379806 1.02563511539993
0.647815902542039 1.01600412970684 0.943048754796272 1.0301631193281
0.660394852105962 1.02141970707591 0.949055953501831 1.03446003676389
0.672973801669885 1.02663156285113 0.954889734097278 1.03852968680547
0.685552751233808 1.03161343378116 0.960550096582612 1.04237588855099
0.698131700797731 1.03637899574771 0.966037040957833 1.04600246109863
0.710710650361654 1.04092866901268 0.971350567222943 1.04941322354655
0.723289599925578 1.04526305224831 0.97649067537794 1.0526119949929
0.735868549489501 1.04938292092902 0.981457365422824 1.05560259453586
0.748447499053424 1.05329884481637 0.986250637357596 1.05838884127358
0.761026448617347 1.05699217263338 0.990870491182255 1.06097455430423
0.77360539818127 1.06047435782182 0.995316926896802 1.06336355272598
0.786184347745193 1.06374686379907 0.999589944501236 1.06555965563698
0.798763297309116 1.06681132005648 1.00368954399556 1.06756668213539
0.811342246873039 1.06967649532309 1.00761572537977 1.06938845131939
0.823921196436962 1.07232987683705 1.01136848865386 1.07102878228714
0.836500146000885 1.07478107167696 1.01494783381785 1.07249149413679
0.849079095564808 1.07703234579943 1.01835376087172 1.07378040596651
0.861658045128731 1.07908611632808 1.02158626981548 1.07489933687447
0.874236994692654 1.0809449481139 1.02464536064913 1.07585210595883
0.886815944256578 1.082615527838 1.02753103337266 1.07664253231774
0.899394893820501 1.08409227383749 1.03024328798608 1.07727443504938
0.911973843384424 1.08538263322635 1.03278212448939 1.07775163325191
0.924552792948347 1.08648972490769 1.03514754288259 1.07807794602349
0.93713174251227 1.08741679625144 1.03733954316568 1.07825719246228
0.949710692076193 1.08816889743278 1.03935812533865 1.07829319166645
0.962289641640116 1.08874572899001 1.04120328940151 1.07818976273415
0.974868591204039 1.08915301956997 1.04287503535426 1.07795072476356
0.987447540767962 1.08939448731603 1.04437336319689 1.07757989685284
1.00002649033189 1.08947395661727 1.04569827292941 1.07708109810015
1.01260543989581 1.08939535337127 1.04684976455182 1.07645814760365
1.02518438945973 1.0891619191392 1.04782783806412 1.0757148644615
1.03776333902365 1.08877895604702 1.04863249346631 1.07485506777188
1.05034228858758 1.0882502692811 1.04926373075838 1.07388257663293
1.0629212381515 1.08758014199043 1.04972154994034 1.07280121014284
1.07550018771542 1.086772933978 1.05000595101219 1.07161478739975
1.08807913727935 1.08583053261862 1.05011693397392 1.07032712750183
1.10065808684327 1.08476220467946 1.05005449882554 1.06894204954725
1.11323703640719 1.08357029515923 1.04981864556705 1.06746337263417
1.12581598597112 1.08225941858817 1.04940937419845 1.06589491586074
1.13839493553504 1.08083423993032 1.04882668471974 1.06424049832515
1.15097388509896 1.07929946924717 1.04807057713091 1.06250393912554
1.16355283466289 1.07765557642405 1.04714105143197 1.06068905736008
1.17613178422681 1.07591565827306 1.04603810762292 1.05879967212693
1.18871073379073 1.07408050750409 1.04476174570375 1.05683960252427
1.20128968335465 1.07215496101442 1.04331196567447 1.05481266765024
1.21386863291858 1.07014387397613 1.04168876753509 1.05272268660302
1.2264475824825 1.06805211449289 1.03989215128558 1.05057347848076
1.23902653204642 1.06587897873765 1.03792211692597 1.04836886238164
1.25160548161035 1.06364033046473 1.03577866445624 1.04611265740381
1.26418443117427 1.06133565089781 1.03350073398253 1.04380864154487
1.27676338073819 1.05896980691503 1.03124841260782 1.04145997781635
1.28934233030212 1.05654765203065 1.02903900704594 1.0390693558122
1.30192127986604 1.05406769766825 1.02687251729689 1.03663945294848
1.31450022942996 1.05154729043208 1.02474894336067 1.03417294664123
1.32707917899389 1.0489850137359 1.02266828523728 1.03167251430647
1.33965812855781 1.04638561686731 1.02063054292672 1.02914083336026
1.35223707812173 1.04375381072331 1.018635716429 1.02658058121863
1.36481602768566 1.04109426302225 1.01668380574411 1.02399443529762
1.37739497724958 1.03840477657022 1.01477481087204 1.02138507301327
1.3899739268135 1.03570351154048 1.01290873181281 1.01875517178162
1.40255287637742 1.03298821379077 1.01108556856642 1.01610740901871
1.41513182594135 1.03026333204138 1.00930532113285 1.01344446214058
1.42771077550527 1.02753324924505 1.00756798951211 1.01076900856326
1.44028972506919 1.02479536700772 1.00587357370421 1.00808372570281
1.45286867463312 1.02206776077118 1.00422207370914 1.00539129097524
1.46544762419704 1.0193476766519 1.0026134895269 1.00269438179662
1.47802657376096 1.01663919338116 1.00104782115749 0.999995675582963
1.49060552332489 1.0139463040393 0.999525068600908 0.997297849750324
1.50318447288881 1.01127291245232 0.998045231857162 0.994603581714739
1.51576342245273 1.00861615339811 0.996608310926247 0.991915548892247
1.52834237201666 1.00599316760924 0.995214305808164 0.989236428698887
1.54092132158058 1.00340083052675 0.993863216502912 0.986568898550698
1.5535002711445 1.0008426553628 0.992555043010491 0.98391563586372
1.56607922070843 0.998322050103972 0.991289785330902 0.981279318053992
1.57865817027235 0.995836091529888 0.990067443464145 0.978662622537553
1.59123711983627 0.993400530979799 0.988888017410219 0.976068226730443
1.60381606940019 0.991012113729303 0.987751507169125 0.973498808048701
1.61639501896412 0.98867380047272 0.986657912740862 0.970957043908366
1.62897396852804 0.986388434392581 0.985607234125431 0.968445611725478
1.64155291809196 0.984158739170381 0.984599471322831 0.965967188916076
1.65413186765589 0.981981895962493 0.983634624333063 0.963524452896199
1.66671081721981 0.979871383352876 0.982712693156126 0.961120081081887
1.67928976678373 0.977823983947214 0.981833677792021 0.958756750889179
1.69186871634766 0.975841926414915 0.980997578240747 0.956437139734114
1.70444766591158 0.97392731238753 0.980204394502305 0.954163925032732
1.7170266154755 0.972082115440561 0.979454126576694 0.951939784201072
1.72960556503942 0.970303781177164 0.978746774463915 0.949767394655173
1.74218451460335 0.968603009602381 0.978082338163967 0.947649433811075
1.75476346416727 0.966976803618696 0.977460817676851 0.945588579084817
1.76734241373119 0.965426617337602 0.976882213002567 0.943587507892437
1.77992136329512 0.963953774175651 0.976346524141113 0.941648897649977
1.79250031285904 0.962556037513996 0.975853751092492 0.939775425773475
1.80507926242296 0.961241530773154 0.975403893856702 0.937969769678969
1.81765821198689 0.960007555829911 0.974996952433743 0.936234606782501
1.83023716155081 0.958854914195618 0.974632926823616 0.934572614500108
1.84281611111473 0.957784278082872 0.97431181702632 0.932986470247831
1.85539506067866 0.956796191155207 0.974033623041856 0.931478851441707
1.86797401024258 0.955888883538889 0.973798344870224 0.930052435497779
1.8805529598065 0.955067227469814 0.973605982511423 0.928709899832083
1.89313190937042 0.954328990312499 0.973456535965453 0.92745392186066
1.90571085893435 0.953674211738003 0.973350005232315 0.926287178999548
1.91828980849827 0.953102808864251 0.973286390312009 0.925212348664788
1.93086875806219 0.952613447156876 0.973265691204534 0.924232108272419
1.94344770762612 0.952208274346766 0.97328790790989 0.923349135238479
1.95602665719004 0.95188550899149 0.973353040428078 0.922566106979008
1.96860560675396 0.951644595360487 0.973461088759098 0.921885700910047
1.98118455631789 0.951484864662941 0.973612052902949 0.921310594447632
1.99376350588181 0.951405537329928 0.973805932859631 0.920843465007805
2.00634245544573 0.951405825979825 0.974042728629145 0.920486990006605
2.01892140500966 0.951484733121215 0.974322440211491 0.92024384686007
2.03150035457358 0.951641061938717 0.974645067606668 0.920116712984241
2.0440793041375 0.951873614655885 0.975010610814677 0.920108265795156
2.05665825370142 0.952181095851625 0.975419069835517 0.920221182708855
2.06923720326535 0.952563172092221 0.975870444669188 0.920458141141377
2.08181615282927 0.953016428661474 0.976364735315691 0.920821818508762
2.09439510239319 0.953540167357351 0.976901941775026 0.921314892227048
2.10697405195712 0.954132732287051 0.977458580615427 0.921938912170876
2.11955300152104 0.954792385519008 0.978011168405127 0.922690918049282
2.13213195108496 0.955517310448912 0.978559705144128 0.923566822029907
2.14471090064889 0.956307689727075 0.97910419083243 0.924562536280389
2.15728985021281 0.957157563733271 0.979644625470031 0.925673972968365
2.16986879977673 0.958066817054473 0.980181009056933 0.926897044261474
2.18244774934066 0.959033353239784 0.980713341593135 0.928227662327355
2.19502669890458 0.960055014968427 0.981241623078637 0.929661739333646
2.2076056484685 0.96112958776591 0.98176585351344 0.931195187447985
2.22018459803243 0.962257714723237 0.982286032897543 0.932823918838011
2.23276354759635 0.963431375801586 0.982802161230946 0.934543845671363
2.24534249716027 0.964650993302818 0.983314238513649 0.936350880115678
2.2579214467242 0.965914161929532 0.983822264745652 0.938240934338595
2.27050039628812 0.967218438324434 0.984326239926956 0.940209920507753
2.28307934585204 0.968564791619374 0.98482616405756 0.942253750790789
2.29565829541597 0.969943908897143 0.985322037137465 0.944368337355343
2.30823724497989 0.971356607917494 0.985813859166669 0.946549592369052
2.32081619454381 0.972800331908712 0.986301630145174 0.948793427999556
2.33339514410773 0.974272505495205 0.986785350072979 0.951095756414492
2.34597409367166 0.975770538573334 0.987265018950084 0.9534524897815
2.35855304323558 0.977295708849572 0.98774063677649 0.955859540268216
2.3711319927995 0.978837699930894 0.988212203552196 0.958312820042281
2.38371094236343 0.980397723697079 0.988679719277202 0.960808241271331
2.39628989192735 0.98197316949641 0.989143183951508 0.963341716123007
2.40886884149127 0.983561430994461 0.989602597575114 0.965909156764945
2.4214477910552 0.985163967432626 0.990057960148021 0.968506475364784
2.43402674061912 0.986770093119057 0.990509271670228 0.971129584090164
2.44660569018304 0.988381271731244 0.990956532141735 0.973774395108722
2.45918463974697 0.989994950825895 0.991399741562543 0.976436820588096
2.47176358931089 0.991608600311051 0.991838899932651 0.979112772695926
2.48434253887481 0.993219715879916 0.992274007252059 0.981798163599849
2.49692148843873 0.994829880037065 0.992705063520767 0.984488905467504
2.50950043800266 0.996428512821661 0.993132068738776 0.987180910466529
2.52207938756658 0.998017280745271 0.993555022906084 0.989870090764563
2.5346583371305 0.999593815684308 0.993973926022694 0.992552358529244
2.54723728669443 1.00115579139481 0.994388778088603 0.99522362592821
2.55981623625835 1.00270092648671 0.994799579103812 0.997879805129101
2.57239518582227 1.00423082468803 0.995206329068322 1.00051680829955
2.5849741353862 1.00573557157937 0.995609027982132 1.00313054760721
2.59755308495012 1.00721692586928 0.996007675845242 1.0057169352197
2.61013203451404 1.00867281363995 0.996402272657653 1.00827188330467
2.62271098407797 1.01010121930524 0.996792818419364 1.01079130402976
2.63528993364189 1.01150369072461 0.997179313130375 1.0132711095626
2.64786888320581 1.01287124894904 0.997561756790686 1.01570721207083
2.66044783276973 1.01420564716062 0.997940149400298 1.0180955237221
2.67302678233366 1.01550512613269 0.99831449095921 1.02043195668403
2.68560573189758 1.01676799585665 0.998684781467421 1.02271242312428
2.6981846814615 1.0179926373818 0.999051020924934 1.02493283521046
2.71076363102543 1.01918045246513 0.999413209331746 1.02708910511024
2.72334258058935 1.02032396724752 0.999771346687859 1.02917714499124
2.73592153015327 1.02142483653461 1.00012543299327 1.0311928670211
2.7485004797172 1.02248174185491 1.00047546824799 1.03313218336746
2.76107942928112 1.02349344322462 1.000821452452 1.03499100619795
2.77365837884504 1.02446116439203 1.00116338560531 1.03676524768023
2.78623732840897 1.02537893593672 1.00150126770793 1.03845081998192
2.79881627797289 1.026248262693 1.00183509875984 1.04004363527066
2.81139522753681 1.02706822883179 1.00216487876106 1.0415396057141
2.82397417710073 1.02783800139397 1.00249060771157 1.04293464347987
2.83655312666466 1.02855683079557 1.00281228561139 1.0442246607356
2.84913207622858 1.02922567437144 1.0031299124605 1.04540556964895
2.8617110257925 1.0298405711913 1.00344348825892 1.04647328238753
2.87428997535643 1.03040277840061 1.00375301300663 1.04742371111901
2.88686892492035 1.03091188272009 1.00405848670365 1.048252768011
2.89944787448427 1.03136755493025 1.00435990934996 1.04895636523116
2.9120268240482 1.03177049907998 1.00465728094558 1.04953041494712
2.92460577361212 1.03211851796316 1.0049506014905 1.04997082932651
2.93718472317604 1.03241261848421 1.00523900412257 1.05027360427315
2.94976367273997 1.03265280442439 1.00551447036693 1.0504379909345
2.96234262230389 1.03283916131701 1.00577504978375 1.05046746913462
2.97492157186781 1.03297185564197 1.00602074237303 1.05036580130718
2.98750052143173 1.03305126708717 1.00625154813477 1.05013674988583
3.00007947099566 1.03307732088822 1.00646746706896 1.04978407730424
3.01265842055958 1.03305068866186 1.00666849917562 1.04931154599605
3.0252373701235 1.03297185063579 1.00685464445474 1.04872291839494
3.03781631968743 1.03284136234069 1.00702590290631 1.04802195693455
3.05039526925135 1.03265985317585 1.00718227453035 1.04721242404855
3.06297421881527 1.03242737475494 1.00732375932684 1.04629808217059
3.0755531683792 1.03214587538228 1.00745035729579 1.04528269373432
3.08813211794312 1.03181567299924 1.00756206843721 1.04417002117342
3.10071106750704 1.0314376764273 1.00765889275108 1.04296382692152
3.11329001707097 1.03101285979881 1.00774083023741 1.0416678734123
3.12586896663489 1.03054101201987 1.0078078808962 1.04028592307941
3.13844791619881 1.03002561733567 1.00786004472745 1.03882173835651
3.15102686576273 1.02946669982445 1.00789732173116 1.03727908167725
3.16360581532666 1.02886547459336 1.00791971190732 1.03566171547529
3.17618476489058 1.02822321148943 1.00792721525595 1.03397340218429
3.1887637144545 1.02754123278276 1.00791983177704 1.03221790423791
3.20134266401843 1.02681903972494 1.00789756147058 1.03039898406981
3.21392161358235 1.02606170274384 1.00786040433659 1.02852040411364
3.22650056314627 1.02526891123953 1.00780836037505 1.02658592680306
3.2390795127102 1.02444217298379 1.00774142958598 1.02459931457173
3.25165846227412 1.02358303576906 1.00765961196936 1.02256432985331
3.26423741183804 1.0226907940155 1.0075629075252 1.02048473508145
3.27681636140197 1.02177157741073 1.00745131625351 1.01836429268981
3.28939531096589 1.02082482325128 1.00732483815427 1.01620676511205
3.30197426052981 1.01985221300277 1.00718347322749 1.01401591478183
3.31455321009373 1.01885545475607 1.00702722147317 1.0117955041328
3.32713215965766 1.01783628047491 1.0068560828913 1.00954929559862
3.33971110922158 1.0167937860039 1.0066700574819 1.00728105161295
3.3522900587855 1.01573501162132 1.00646914524496 1.00499453460945
3.36486900834943 1.01465913714409 1.00625334618048 1.00269350702178
3.37744795791335 1.01356796228633 1.00602266028845 1.00038173128359
3.39002690747727 1.01246329671736 1.00577708756889 0.998062969828535
3.4026058570412 1.01134411783012 1.00551662802178 0.995740985090281
3.41518480660512 1.01021790312892 1.00524128164713 0.993419539502483
3.42776375616904 1.00908366328451 1.00495104844495 0.991102395498799
3.44034270573297 1.00794322005561 1.00464592841522 0.988793315512885
3.45292165529689 1.00679839136092 1.00432592155795 0.986496061978401
3.46550060486081 1.00565098857953 1.00399102787314 0.984214397329002
3.47807955442473 1.00449990764809 1.00364124736079 0.981952083998347
3.49065850398866 1.00335275618619 1.0032765800209 0.979712884420094
3.50323745355258 1.00220840346287 1.00289702585347 0.9775005610279
3.5158164031165 1.00106860827672 1.0025025848585 0.975318876255423
3.52839535268043 0.99993510987888 1.00209325703599 0.973171592536321
3.54097430224435 0.998809625496974 1.00166904238593 0.97106247230425
3.55355325180827 0.997691036890188 1.00122994090834 0.96899527799287
3.5661322013722 0.996586662928728 1.0007759526032 0.966973772035837
3.57871115093612 0.995495302626699 1.00030707747053 0.965001716866809
3.59129010050004 0.994418561307016 0.99982331551031 0.963082874919445
3.60386905006397 0.993358010684826 0.999324666722552 0.9612210086274
3.61644799962789 0.992312570445739 0.998811131107255 0.959419880424334
3.62902694919181 0.991289021867927 0.998282708664416 0.957683252743904
3.64160589875573 0.990286160123436 0.997739399394036 0.956014888019767
3.65418484831966 0.989305401731032 0.997181203296116 0.954418548685581
3.66676379788358 0.988348119622767 0.996608120370656 0.952897997175004
3.6793427474475 0.987415641370196 0.996020150617654 0.951456995921693
3.69192169701143 0.986506986977162 0.995417294037112 0.950099307359307
3.70450064657535 0.985627979990973 0.994799550629029 0.948828693921502
3.71707959613927 0.984777473795703 0.994166920393405 0.947648918041936
3.7296585457032 0.983956598256921 0.99351940333024 0.946563742154268
3.74223749526712 0.983166430228224 0.992856999439535 0.945576928692154
3.75481644483104 0.982406113279425 0.992179708721289 0.944692240089253
3.76739539439497 0.981680456464112 0.991487531175502 0.943913438779221
3.77997434395889 0.980988409594176 0.990792545156632 0.943243741797266
3.79255329352281 0.980330825491043 0.990119662270744 0.94268233534316
3.80513224308674 0.979708498495826 0.989469637414992 0.942226598984307
3.81771119265066 0.979122163651155 0.988842470589377 0.941873903766259
3.83029014221458 0.978571151477664 0.988238161793899 0.941621620734566
3.84286909177851 0.978058860449863 0.987656711028557 0.941467120934782
3.85544804134243 0.977584405454689 0.987098118293351 0.941407775412458
3.86802699090635 0.977148277877995 0.986562383588281 0.941440955213146
3.88060594047028 0.976750907124993 0.986049506913348 0.941564031382397
3.8931848900342 0.976391803334646 0.985559488268551 0.941774374965764
3.90576383959812 0.976073085507117 0.985092327653891 0.942069357008799
3.91834278916204 0.975794039314993 0.984648025069367 0.942446348557053
3.93092173872597 0.975554844499087 0.984226580514979 0.942902720656078
3.94350068828989 0.975355618496828 0.983827993990728 0.943435844351427
3.95607963785381 0.975196416657142 0.983452265496613 0.94404309068865
3.96865858741774 0.975076981553864 0.983099395032635 0.9447218307133
3.98123753698166 0.974997848355171 0.982769382598793 0.945469435470929
3.99381648654558 0.974958535945929 0.982462228195087 0.946283276007088
4.00639543610951 0.97495885513044 0.982177931821518 0.94716072336733
4.01897438567343 0.974998557050118 0.981916493478085 0.948099148597206
4.03155333523735 0.97507733392971 0.981677913164789 0.949095922742269
4.04413228480128 0.975195166116527 0.981462190881628 0.950148416848069
4.0567112343652 0.975351034496851 0.981269326628605 0.951254001960159
4.06929018392912 0.975544708434159 0.981099320405717 0.952410049124091
4.08186913349304 0.975775653457129 0.980952172212967 0.953613929385417
4.09444808305697 0.976043281130648 0.980827882050352 0.954863013789688
4.10702703262089 0.976347764220503 0.980726449917874 0.956154673382457
4.11960598218481 0.976686870777717 0.980647875815532 0.957486279209275
4.13218493174874 0.977060581515902 0.980592159743327 0.958855202315693
4.14476388131266 0.977468104934258 0.980559301701258 0.960258813747266
4.15734283087658 0.977908602368636 0.980549301689325 0.961694484549542
4.16992178044051 0.97838118954706 0.980562159707529 0.963159585768076
4.18250073000443 0.978886252248958 0.980597875755869 0.964651488448418
4.19507967956835 0.979420266965295 0.980656449834346 0.96616756363612
4.20765862913228 0.979983458781604 0.980737881942959 0.967705182376735
4.2202375786962 0.980574777599233 0.980842172081708 0.969261715715814
4.23281652826012 0.981193136328495 0.980969320250594 0.970834534698909
4.24539547782404 0.981839075755994 0.981119326449616 0.972421010371572
4.25797442738797 0.982508175660807 0.981292190678774 0.974018513779355
4.27055337695189 0.983200848121401 0.981487912938069 0.975624415967809
4.28313232651581 0.983915877111885 0.9817064932275 0.977236087982488
4.29571127607974 0.984652019357177 0.981947931547068 0.978850900868941
4.30829022564366 0.9854080063816 0.982212227896772 0.980466225672722
4.32086917520758 0.986184529881807 0.982499382276613 0.982079433439381
4.33344812477151 0.986976352597394 0.982809394686589 0.983687895214472
4.34602707433543 0.987784080929482 0.983142265126703 0.985288982043546
4.35860602389935 0.988606366523799 0.983497993596952 0.986880064972154
4.37118497346328 0.989441846403684 0.983876580097338 0.988458515045849
4.3837639230272 0.990291304014379 0.984278024627861 0.990021703310183
4.39634287259112 0.991149060488352 0.984702327188519 0.991567000810707
4.40892182215504 0.992015852654256 0.985149487779315 0.993091778592973
4.42150077171897 0.992890280662252 0.985619506400246 0.994593407702533
4.43407972128289 0.993770940869356 0.986112383051314 0.996069259184939
4.44665867084681 0.994656427998486 0.986628117732518 0.997516704085743
4.45923762041074 0.995547590845671 0.987166710443859 0.998933113450496
4.47181656997466 0.996438523525337 0.987728161185336 1.00031585832475
4.48439551953858 0.997330075392273 0.98831246995695 1.00166230975406
4.49697446910251 0.998220856008656 0.9889196367587 1.00296983878397
4.50955341866643 0.999109483899622 0.989549661590586 1.00423581646004
4.52213236823035 0.999994588609313 0.990202544452609 1.00545761382782
4.53471131779428 1.00087703381055 0.990878285344768 1.00663260193287
4.5472902673582 1.00175101753326 0.991576884267063 1.00775815182072
4.55986921692212 1.00261744961626 0.992298341219495 1.00883163453694
4.57244816648604 1.00347502369292 0.993042656202063 1.00985042112707
4.58502711604997 1.00432245422782 0.993809829214768 1.01081188263667
4.59760606561389 1.00516057935155 0.994599860257608 1.0117133901113
4.61018501517781 1.00598392515299 0.995411828427331 1.01255231976339
4.62276396474174 1.00679341101166 0.996215343916521 1.01332714318714
4.63534291430566 1.0075878528117 0.996995672273098 1.0140387759181
4.64792186386958 1.00836609604497 0.997752813497064 1.01468846417309
4.66050081343351 1.00912701741419 0.998486767588417 1.01527745416895
4.67307976299743 1.00987138188189 0.999197534547159 1.0158069921225
4.68565871256135 1.01059437155591 0.999885114373288 1.01627832425057
4.69823766212528 1.01129686938641 1.0005495070668 1.01669269676999
4.7108166116892 1.01197789190389 1.00119071262771 1.01705135589758
4.72339556125312 1.01263649399514 1.001808731056 1.01735554785017
4.73597451081704 1.01327334809554 1.00240356235168 1.0176065188446
4.74855346038097 1.013884371253 1.00297520651475 1.01780551509769
4.76113240994489 1.01447037882777 1.00352366354521 1.01795378282626
4.77371135950881 1.01503059097904 1.00404893344305 1.01805256824715
4.78629030907274 1.01556427175142 1.00455101620828 1.01810311757719
4.79886925863666 1.0160707299707 1.0050299118409 1.01810667703319
4.81144820820058 1.01655049580477 1.00548562034091 1.018064492832
4.82402715776451 1.01700054577337 1.00591814170831 1.01797781119044
4.83660610732843 1.01742157488185 1.00632747594309 1.01784787832533
4.84918505689235 1.01781307869907 1.00671362304526 1.0176759404535
4.86176400645628 1.01817460095335 1.00707658301482 1.01746324379179
4.8743429560202 1.01850653341533 1.00741635585177 1.01721103455702
4.88692190558412 1.01880684028609 1.0077329415561 1.01692055896601
4.89950085514804 1.01907608913872 1.00802634012783 1.0165930632356
4.91207980471197 1.0193140202082 1.00829655156694 1.01622979358262
4.92465875427589 1.01952042338029 1.00854357587344 1.01583199622389
4.93723770383981 1.0196951382612 1.00876741304732 1.01540091737624
4.94981665340374 1.01983837556806 1.0089680630886 1.0149378032565
4.96239560296766 1.01994935076771 1.00914552599726 1.0144439000815
4.97497455253158 1.02002845441401 1.00929980177331 1.01392045406806
4.98755350209551 1.02007572430757 1.00943089041675 1.01336871143301
5.00013245165943 1.02009124718994 1.00953879192757 1.01278991839318
5.01271140122335 1.02007515836643 1.00962350630579 1.01218532116541
5.02529035078728 1.02002748126296 1.00968503355139 1.01155616596651
5.0378693003512 1.01994868823533 1.00972337366438 1.01090369901331
5.05044824991512 1.01983897671974 1.00973852664476 1.01022916652265
5.06302719947904 1.0196986711998 1.00973049249252 1.00953381471135
5.07560614904297 1.01952814177894 1.00969927120768 1.00881888979624
5.08818509860689 1.01932725875455 1.00964486279022 1.00808563799414
5.10076404817081 1.01909749661607 1.00956726724015 1.0073353055219
5.11334299773474 1.01883888769832 1.00946648455746 1.00656913859632
5.12592194729866 1.0185519761421 1.00934251474217 1.00578838343425
5.13850089686258 1.01823734712267 1.00919535779426 1.0049942862525
5.15107984642651 1.01789562575379 1.00902501371374 1.00418809326792
5.16365879599043 1.01752651095937 1.00883148250061 1.00337105069731
5.17623774555435 1.01713256996563 1.00861476415486 1.00254440475753
5.18881669511828 1.01671364172749 1.00837485867651 1.00170940166538
5.2013956446822 1.01627049916058 1.00811176606554 1.0008672876377
5.21397459424612 1.01580394884445 1.00782548632196 1.00001930889133
5.22655354381004 1.01531356343825 1.00751601944577 0.999166711643075
5.23913249337397 1.01480269118144 1.00718336543696 0.998310742109776
5.25171144293789 1.01427102102314 1.00682752429555 0.99745264650826
5.26429039250181 1.01371947987772 1.00644849602152 0.996593671055354
5.27686934206574 1.01314902093034 1.00604628061488 0.995735061967887
5.28944829162966 1.01256062205093 1.00562087807562 0.994878065462685
5.30202724119358 1.01195373104273 1.00517228840376 0.994023927756577
5.31460619075751 1.0113324375588 1.00470051159928 0.993173895066392
5.32718514032143 1.01069627222587 1.00420554766219 0.992329213608957
5.33976408988535 1.01004629527165 1.00368739659249 0.991491129601101
5.35234303944928 1.00938358327353 1.00314605839018 0.990660889259651
5.3649219890132 1.00870922743063 1.00258153305525 0.989839738801436
5.37750093857712 1.00802258547596 1.00199382058771 0.989028924443283
5.39007988814105 1.00732824286895 1.00138292098756 0.988229692402021
5.40265883770497 1.00662560312463 1.0007488342548 0.987443288894478
5.41523778726889 1.00591579842097 1.00009156038943 0.986670960137481
5.42781673683282 1.00519996675282 0.999411099391438 0.985913952347859
5.44039568639674 1.00447742032952 0.99870745126084 0.98517351174244
5.45297463596066 1.00375295510254 0.997988085821297 0.984450839674246
5.46555358552458 1.00302589697285 0.997283712347885 0.983746466200835
5.47813253508851 1.00229738949612 0.996597650762236 0.983060404615186
5.49071148465243 1.00156857321925 0.99592990106435 0.982392654917299
5.50329043421635 1.000840583943 0.995280463254225 0.981743217107175
5.51586938378028 1.00011271637584 0.994649337331862 0.981112091184812
5.5284483333442 0.999389770130273 0.994036523297262 0.980499277150212
5.54102728290812 0.998671015477177 0.993442021150424 0.979904775003373
5.55360623247205 0.997957552166308 0.992865830891348 0.979328584744297
5.56618518203597 0.997250466786044 0.992307952520034 0.978770706372983
5.57876413159989 0.996549070275833 0.991768386036482 0.978231139889432
5.59134308116382 0.995857962714008 0.991247131440692 0.977709885293642
5.60392203072774 0.995176400535323 0.990744188732665 0.977206942585615
5.61650098029166 0.994505401841837 0.9902595579124 0.976722311765349
5.62907992985558 0.993845963840696 0.989793238979896 0.976255992832846
5.64165887941951 0.993199061404858 0.989345231935155 0.975807985788105
5.65423782898343 0.992564059994995 0.988915536778176 0.975378290631126
5.66681677854735 0.991945094660889 0.98850415350896 0.97496690736191
5.67939572811128 0.991341443973593 0.988111082127505 0.974573835980455
5.6919746776752 0.990753979841614 0.987736322633813 0.974199076486763
5.70455362723912 0.990183545283662 0.987379875027882 0.973842628880832
5.71713257680305 0.989629577604111 0.987041739309715 0.973504493162664
5.72971152636697 0.989095658012196 0.986721915479308 0.973184669332258
5.74229047593089 0.988581114133518 0.986420403536665 0.972883157389615
5.75486942549482 0.988086662168895 0.986137203481783 0.972599957334733
5.76744837505874 0.987612984105897 0.985872315314664 0.972335069167613
5.78002732462266 0.987160726818735 0.985625739035306 0.972088492888256
5.79260627418659 0.986729440499992 0.985397474643711 0.971860228496661
5.80518522375051 0.986321878706305 0.985187522139878 0.971650275992828
5.81776417331443 0.985937460809145 0.984995881523807 0.971458635376757
5.83034312287835 0.985576685295939 0.984822552795499 0.971285306648448
5.84292207244228 0.985240011920675 0.984667535954952 0.971130289807902
5.8555010220062 0.984927861162679 0.984530831002168 0.970993584855117
5.86807997157012 0.984639918439119 0.984412437937145 0.970875191790095
5.88065892113405 0.984377979229853 0.984312356759885 0.970775110612835
5.89323787069797 0.984141584661197 0.984230587470387 0.970693341323337
5.90581682026189 0.983930993851012 0.984167130068652 0.970629883921601
5.91839576982582 0.983746424878756 0.984121984554678 0.970584738407628
5.93097471938974 0.983587687056621 0.984095150928467 0.970557904781416
5.94355366895366 0.983455717904924 0.984086629190017 0.970549383042967
5.95613261851759 0.983350177483796 0.98409641933933 0.97055917319228
5.96871156808151 0.983271118631038 0.984124521376405 0.970587275229355
5.98129051764543 0.98321855297177 0.984170935301242 0.970633689154192
5.99386946720935 0.983192451072996 0.984235661113842 0.970698414966791
6.00644841677328 0.98319277680725 0.984318698814203 0.970781452667153
6.0190273663372 0.983219417406929 0.984420048402327 0.970882802255276
6.03160631590112 0.983272189161147 0.984539709878212 0.971002463731162
6.04418526546505 0.983350901084288 0.98467768324186 0.97114043709481
6.05676421502897 0.983455322826482 0.98483396849327 0.97129672234622
6.06934316459289 0.983585545988775 0.985008565632443 0.971471319485392
6.08192211415682 0.98374060471229 0.985201474659377 0.971664228512327
6.09450106372074 0.983920450557447 0.985412695574074 0.971875449427023
6.10708001328466 0.984124701365633 0.985642228376532 0.972104982229482
6.11965896284859 0.984352938764516 0.985890073066753 0.972352826919703
6.13223791241251 0.984604708960414 0.986156229644736 0.972618983497686
6.14481686197643 0.984880248123692 0.986440698110481 0.972903451963431
6.15739581154035 0.985177641441953 0.986743478463989 0.973206232316938
6.16997476110428 0.985497000883051 0.987064570705258 0.973527324558208
6.1825537106682 0.985837739810539 0.98740397483429 0.97386672868724
6.19513266023212 0.986199240865962 0.987761690851083 0.974224444704033
6.20771160979605 0.986581848121107 0.988137718755639 0.974600472608589
6.22029055935997 0.986982952218871 0.988532058547957 0.974994812400907
6.23286950892389 0.987402791178301 0.988944710228038 0.975407464080988
6.24544845848782 0.987840635840715 0.98937567379588 0.97583842764883
6.25802740805174 0.98829573209628 0.989824949251485 0.976287703104434
6.27060635761566 0.988767302145664 0.990292536594851 0.976755290447801
6.28318530717959 0.989255798520032 0.99077843582598 0.97724118967893
