0 3.04159265358979 0
0.01 3.04156769523563 -0.00498543124380099
0.03 3.04136837763204 -0.0149263873711281
0.0663448550972649 3.04049792093253 -0.0329405252636445
0.119367866585063 3.03805354670653 -0.0593158713647989
0.1865324888559 3.03293746653829 -0.093410879542859
0.26316927258125 3.02425508884607 -0.134156524312943
0.343223868291958 3.01174706088114 -0.180022842877605
0.415623596174203 2.99713465118219 -0.225579902401517
0.479577825613998 2.98135119137723 -0.269948436534113
0.536267677683354 2.96487436429138 -0.313195153562468
0.587143816904979 2.94790394442334 -0.355666323292739
0.633413125875999 2.93051251176381 -0.397714478064346
0.678110371024238 2.91178864014675 -0.441797957550133
0.718357070863886 2.89317476280595 -0.484722992095638
0.757218604093674 2.87350089240461 -0.529350861326045
0.794389229421292 2.85300103931098 -0.57521760060294
0.829776024493889 2.83184500402781 -0.62200806782742
0.863411061052243 2.81014958653912 -0.669519750766034
0.89539261368671 2.78799082112362 -0.717631112146783
0.925848658176504 2.76541482705929 -0.76627655951858
0.954915647642214 2.74244643749808 -0.815427937757514
0.982727034062574 2.71909560423662 -0.865081505323368
1.00940768247627 2.69536192233424 -0.915249132002805
1.03507168269466 2.67123769942777 -0.965952567718669
1.05982201989626 2.6467099565676 -1.01721985913797
1.0837511912432 2.62176167017501 -1.06908322532177
1.10694224632857 2.59637248545059 -1.12157790284305
1.12946996514261 2.57051906429901 -1.17474162467885
1.15140202579279 2.54417517861738 -1.22861450967705
1.17280009343549 2.51731162115174 -1.28323921880077
1.19372080580609 2.48989597821505 -1.33866128914273
1.21421665413426 2.46189228849733 -1.39492959401765
1.23433676999199 2.43326059753137 -1.45209690278491
1.25412763401399 2.40395640615789 -1.51022053146088
1.27363372453983 2.37393000205299 -1.56936308751787
1.29289812484129 2.34312565485075 -1.62959332152595
1.31196310774098 2.31148064663967 -1.69098710580911
1.33087071668345 2.27892409978123 -1.75362856687097
1.34966336300503 2.24537555230449 -1.8176114043044
1.36838446039984 2.21074321685931 -1.88304043389455
1.38707911933857 2.17492184184505 -1.95003339524124
1.40579492608329 2.1377900729451 -2.01872306101722
1.42458283190437 2.09920719154051 -2.08925966842432
1.44349817562474 2.05900908891962 -2.16181364765077
1.46260185093574 2.01700333678014 -2.23657851399921
1.48196159615925 1.97296327206015 -2.31377355046293
1.50165329973148 1.92662121495447 -2.39364539061149
1.5217620172132 1.87766148512442 -2.47646651539206
1.54238195204322 1.82571522691877 -2.56252638902106
1.56361369750113 1.7703621649279 -2.65210632936265
1.58555513395157 1.7111510626851 -2.74542053998045
1.60827921954869 1.64766283734001 -2.84249262417933
1.63178923319754 1.57965446332461 -2.94292963957271
1.65594901925246 1.50730945371358 -3.04559928717635
1.68041996219304 1.43151468913466 -3.14838483627801
1.70468204159969 1.35390261769644 -3.24838674908362
1.72698340284999 1.28044687451518 -3.33797667266231
1.74857539292128 1.20745109146397 -3.42198816703187
1.76786379750628 1.14073615720218 -3.49427499746444
1.78642863574008 1.07523287295598 -3.56097142870308
1.80318255328025 1.01508027770493 -3.61840457972755
1.81938801535344 0.956003393448493 -3.67118724018195
1.83495735382386 0.898461629785876 -3.71908518716746
1.84988157222247 0.842625087750798 -3.7621952323766
1.86419433379198 0.788491766582477 -3.80077513055699
1.87794897507883 0.735967874562534 -3.83514063940605
1.8912051024914 0.684918090357919 -3.86560970550964
1.90402144058678 0.63519472055894 -3.89247584895666
1.91645244346224 0.586653310430744 -3.91599806157024
1.92854702825969 0.53916010163079 -3.93639927962372
1.94034842748237 0.492594849215213 -3.95386884752575
1.95189457913532 0.446851153324449 -3.96856649476473
1.96321873396361 0.401835569826511 -3.98062657680183
1.97435011200314 0.357466211068009 -3.99016200928003
1.98531452723188 0.313671217761034 -3.99726768129857
1.99613494636 0.270387292291524 -4.00202330946737
2.00683197246023 0.227558377075183 -4.00449577334023
2.01742425617787 0.185134504309353 -4.00474100165701
2.02792884244773 0.143070814494369 -4.00280548330956
2.03836146226027 0.10132672791356 -3.99872747069123
2.04873677888353 0.0598652485824832 -3.99253793302133
2.05906859704641 0.0186523798462158 -3.98426130667722
2.06937004243962 -0.022343367500562 -3.97391607995348
2.07965371774612 -0.0631513912245051 -3.96151524148453
2.08993184038836 -0.103799351845245 -3.94706661484825
2.10021636631222 -0.144313476622879 -3.93057309645965
2.11051910342159 -0.184718822807757 -3.91203280954984
2.1208518177165 -0.225039507774672 -3.89143918359694
2.13122633475265 -0.265298912092701 -3.86878096585033
2.14165463870698 -0.305519860229993 -3.84404216942619
2.15214897108155 -0.345724782393152 -3.817201960752
2.16272193088359 -0.385935859878871 -3.78823448784672
2.1733865779601 -0.426175155186506 -3.75710865003776
2.18415654101287 -0.466464726904078 -3.7237878092919
2.19504613163965 -0.506826727911084 -3.68822944350923
2.20607046548842 -0.547283483573434 -3.65038474314462
2.21724559120218 -0.587857544111612 -3.61019815478813
2.22858862715971 -0.628571701884278 -3.56760687950939
2.24011790491268 -0.669448959494473 -3.52254034087465
2.25185311641984 -0.71051242775334 -3.47491964916306
2.26381545928172 -0.751785122723522 -3.4246571068626
2.27602776957358 -0.793289617063388 -3.37165582966986
2.28851462464854 -0.835047481043417 -3.31580960235871
2.30130238711414 -0.877078420852666 -3.2570031577599
2.31441914425913 -0.919398983983616 -3.19511317018006
2.3278944722601 -0.962020652207819 -3.13001040457837
2.34175891930265 -1.00494708371162 -3.06156367144115
2.35604305563769 -1.04817020746208 -2.98964650566903
2.37077588620601 -1.09166484334318 -2.91414778332237
2.38598238043537 -1.135381584469 -2.83498770011706
2.40167988722751 -1.17923795057243 -2.75214039359385
2.41787335192739 -1.22310847357116 -2.66566350652392
2.43454964586008 -1.26681555153229 -2.57573251324126
2.45167201972727 -1.31012447803384 -2.48267333155702
2.4691765350066 -1.35274724070045 -2.38698169301728
2.48697274862204 -1.39435896545164 -2.28931543328982
2.50495015699212 -1.43462701465978 -2.19045094541398
2.5229897699872 -1.47324675973258 -2.09120842388325
2.54097778916602 -1.50997379941646 -1.99236524640413
2.55881742059602 -1.54464344178958 -1.89458232530553
2.57643599935122 -1.5771740060967 -1.79836073467832
2.5937868219195 -1.60755675701777 -1.70403188807529
2.61084687884619 -1.63583852188432 -1.61177336150424
2.62761235412344 -1.66210282139881 -1.52163841054626
2.64409352516099 -1.68645329536922 -1.43358886705142
2.66031009656163 -1.70900101572969 -1.34752498239406
2.6762874314367 -1.72985577200503 -1.26330940130305
2.69205376153992 -1.74912067306642 -1.1807848470097
2.70763826056187 -1.76688920236702 -1.09978631049473
2.72306979553698 -1.78324393509815 -1.02014894560607
2.73837617139089 -1.79825629785301 -0.941712850460672
2.75358371316717 -1.8119869307899 -0.864325716896681
2.76871706708783 -1.82448636121063 -0.787844092822988
2.78379913506766 -1.83579580773903 -0.71213378954203
2.79885108416909 -1.84594801026278 -0.637069797446196
2.81389239256551 -1.85496803045154 -0.562535948871188
2.82894090796388 -1.86287399864501 -0.488424478795665
2.84401290449586 -1.86967780128678 -0.414635573505319
2.85912313106743 -1.87538571321507 -0.341076956304545
2.8742848490405 -1.8799989839299 -0.267663531624612
2.88950986061151 -1.88351438830126 -0.194317089952265
2.90480853181133 -1.88592475120915 -0.120966062878886
2.92018981593559 -1.88721945300974 -0.0475453084185167
2.93566128452333 -1.88738491896062 0.0260040993628699
2.95122917371347 -1.88640509118535 0.0997351056905777
2.96689845382732 -1.88426187681774 0.173694965060656
2.982672929232 -1.8809355611332 0.247925612587658
2.99855537384375 -1.87640517035224 0.322464136884559
3.0145477050307 -1.87064876605548 0.397343364380609
3.03065119529344 -1.86364365242177 0.472592551427095
3.04686671720304 -1.85536647928484 0.548238164589006
3.06319501303283 -1.8457932285305 0.624304712490022
3.07963697674627 -1.83489907853872 0.700815575943458
3.09619393285123 -1.82265815082876 0.777793768114461
3.11286789428486 -1.8090431542575 0.855262543745459
3.12966177988872 -1.79402495458129 0.933245765734127
3.14657957082522 -1.77757211078981 1.01176792724999
3.16362638388137 -1.75965043479089 1.09085371592826
3.18080843726043 -1.74022264891074 1.17052699093086
3.19813288044253 -1.71924823807839 1.25080902170998
3.21560745351569 -1.69668362263358 1.33171580879495
3.23323993318404 -1.67248281512537 1.41325427530006
3.25103731383541 -1.64659876988084 1.49541709364151
3.26900466622291 -1.61898568209708 1.57817591764565
3.28714362074012 -1.5896025283776 1.66147286648854
3.3054504492836 -1.55841813095711 1.74521031735195
3.32391378678916 -1.52541791870619 1.82923949012148
3.34251215887461 -1.49061227523267 1.91334901909767
3.36121167070432 -1.45404584252463 1.99725568230325
3.37996443094336 -1.41580640140942 2.08060046078792
3.39870843624922 -1.37603117381542 2.16295357221049
3.41736957359973 -1.33490801805765 2.24383129676945
3.43586598644631 -1.29266953703034 2.32272480352551
3.454114344435 -1.24957979308538 2.3991373008469
3.47203684603347 -1.20591561486709 2.47262239405797
3.48956745945947 -1.1619462884454 2.5428155334469
3.50665616838128 -1.11791578696803 2.6094526073307
3.52327067897811 -1.07403051304485 2.67237389365466
3.53939578938374 -1.03045357181986 2.73151558338882
3.55503110755584 -0.987304838216215 2.78689335844509
3.57018793651758 -0.944665102744396 2.83858277397325
3.58488601799894 -0.902582405042605 2.88670013560157
3.59915058733904 -0.861079003654378 2.93138606460805
3.61300996072036 -0.820157954987855 2.97279262537972
3.62649370576192 -0.779808762549852 3.01107399777208
3.63963134652272 -0.740011914893401 3.04638020549441
3.65245150939617 -0.700742348315553 3.07885324577925
3.66498140722531 -0.661971978021531 3.10862497939007
3.67724656847874 -0.623671477041252 3.13581623729226
3.68927073524452 -0.585811477267171 3.16053672128904
3.70107587172151 -0.548363343342901 3.18288538962557
3.71268224077287 -0.511299640806362 3.20295111249819
3.72410851891108 -0.474594391692855 3.22081345422025
3.73537192979712 -0.438223186667226 3.2365434908243
3.74648838338947 -0.40216320345402 3.25020460803459
3.75747261282587 -0.36639316658345 3.26185324878099
3.76833830448794 -0.330893272559174 3.27153959512143
3.77909821892443 -0.295645096683622 3.27930817922508
3.78976430173383 -0.260631492217324 3.28519842388634
3.8003477843853 -0.225836488693969 3.28924511626492
3.81085927546853 -0.191245193587326 3.29147882012944
3.82130884313695 -0.156843699771185 3.29192623245482
3.83170608963084 -0.122619000066136 3.29061049020547
3.84206021879563 -0.0885589094383203 3.28755143279389
3.85238009748564 -0.0546519949718899 3.28276582520439
3.86267431168805 -0.0208875134860755 3.27626754621728
3.87295121813251 0.0127446434539369 3.26806774561825
3.88321899207776 0.0462539974184851 3.25817497376561
3.89348567189223 0.0796495241504522 3.24659528643153
3.90375920097475 0.112939687957597 3.23333232744139
3.91404746749358 0.146132469566657 3.21838739131242
3.92435834235707 0.179235387427959 3.20175946784175
3.9346997157663 0.212255512318742 3.18344527041856
3.94507953263502 0.245199474928771 3.16343924974122
3.95550582709485 0.278073465919345 3.14173359461835
3.96598675622655 0.310883227720544 3.11831822163691
3.97653063306946 0.343634037063276 3.09318075571354
3.98714595885175 0.376330676922143 3.06630650393836
3.9978414542467 0.408977396159303 3.03767842571526
4.00862608928373 0.441577854693147 3.00727710305794
4.01950911131254 0.474135051450706 2.9750807160925
4.03050007011659 0.506651231679087 2.94106503044533
4.04160883887431 0.539127769367686 2.90520340538944
4.05284562914411 0.571565019549121 2.86746683454552
4.06422099736448 0.603962134088214 2.8278240347897
4.0757458394715 0.636316833233798 2.78624160404592
4.08743136909264 0.66862512372398 2.74268427510687
4.09928907332916 0.700880952678207 2.69711530080184
4.11133063834907 0.733075785042118 2.64949701592023
4.12356783486993 0.765198091278467 2.59979163333566
4.13601235117177 0.79723273184584 2.54796234539701
4.14867555873154 0.82916022663152 2.49397481575974
4.1615681933173 0.860955902214979 2.43779915905007
4.17469993318256 0.892588919507893 2.37941251168816
4.18807885712532 0.924021201395688 2.31880228954263
4.20171077052461 0.955206307265346 2.25597019589964
4.21559839955668 0.986088341038662 2.19093697205655
4.22974047534883 1.01660103167013 2.12374775704585
4.24413076268679 1.04666718519493 2.05447773204809
4.2587571309543 1.07619876208304 1.98323747532777
4.27360081148581 1.10509785884103 1.91017718408579
4.28863602092968 1.13325883604676 1.83548871448027
4.30383013347867 1.16057170670782 1.75940437251543
4.31914453562903 1.18692667302485 1.68219167515231
4.33453618902919 1.21221941533146 1.60414393204604
4.34995977949184 1.23635648159842 1.52556736224409
4.36537018885362 1.25926000521367 1.44676629295111
4.38072494424116 1.28087106123385 1.36802847728844
4.39598630915503 1.30115124260649 1.28961251954171
4.41112277643065 1.32008240256165 1.21173884105576
4.42610986447268 1.33766484171998 1.13458478979233
4.44093025465814 1.35391442518073 1.05828368843202
4.45557340271087 1.36885916862445 0.982927048545243
4.47003479792795 1.38253576404559 0.908568927258848
4.48431503968275 1.39498638245111 0.835231421774959
4.49841886851667 1.40625594637535 0.762910481868482
4.5123542469911 1.41638994370618 0.691581467119125
4.5261315455838 1.42543276975368 0.621204111016813
4.53976285742204 1.43342653587307 0.551726741178137
4.55326144404538 1.44041026235795 0.483089734227503
4.566641301548 1.44641937123854 0.415228261670255
4.57991683021244 1.45148540287555 0.348074421765178
4.59310258891129 1.45563589296697 0.281558864849018
4.60621311631893 1.45889436013359 0.215612016375685
4.61926280304763 1.46128036666736 0.150164990752159
4.6322658013615 1.46280962549225 0.0851502748547735
4.6452359616391 1.46349413474489 0.0205022458214476
4.6581867869967 1.4633423278173 -0.0438424251409858
4.6711313993472 1.46235923154558 -0.107944441986049
4.68408251163672 1.46054662883304 -0.171861593751673
4.69705240209931 1.45790322469323 -0.235648479411813
4.7100528871473 1.4544248167695 -0.299356226706959
4.72309529002277 1.450104473059 -0.36303218738639
4.73619040262713 1.44493272101732 -0.426719593564663
4.74934843807224 1.43889775357547 -0.490457161375157
4.7625789715084 1.43198565894981 -0.554278629122489
4.77589086673825 1.42418068250994 -0.618212218045607
4.78929218608518 1.41546553037884 -0.682280005005501
4.80279008103161 1.40582172580007 -0.746497198382337
4.81639066137799 1.39523003045836 -0.810871311779537
4.83009884122797 1.38367094361688 -0.875401235464225
4.8439181611347 1.37112529173665 -0.940076213582825
4.85785058742495 1.35757491962233 -1.00487474684124
4.87189629222658 1.34300349040649 -1.0697634561427
4.88605342118912 1.3273973950702 -1.13469596282509
4.90031786032176 1.31074676198403 -1.1996118650152
4.9146830185753 1.29304654272231 -1.26443591530628
4.92913964824286 1.27429763238726 -1.32907752879402
4.94367573001533 1.25450796219372 -1.39343076681801
4.9582764522633 1.23369348186251 -1.4573749432608
4.97292431324798 1.21187893372418 -1.52077597930617
4.98759936905037 1.18909831465431 -1.58348858346918
5.00227963832446 1.16539493117772 -1.64535925580852
5.01694165811457 1.14082098040785 -1.70623001554792
5.03156116517935 1.11543663412071 -1.76594264543641
5.04611385824073 1.08930865940251 -1.82434315577891
5.06057618261164 1.06250866679136 -1.8812861183126
5.0749260732881 1.03511112366156 -1.93663852025116
5.08914359736203 1.00719129661577 -1.99028284443877
5.10321145047925 0.978823286819382 -2.04211918106403
5.11711528177253 0.950078298058407 -2.09206629779479
5.13084384289657 0.921023235963151 -2.14006171336587
5.14438897541818 0.891719688318552 -2.18606091376216
5.15774546413188 0.86222329035944 -2.23003590849396
5.17091079086207 0.832583442396694 -2.27197334541109
5.1838848244734 0.802843323334793 -2.31187239219522
5.19666947958222 0.773040132585216 -2.34974256131429
5.20926837061083 0.743205492279277 -2.3856016135409
5.22168648096203 0.713365948279777 -2.41947363197761
5.23392986041968 0.68354351903922 -2.45138731984486
5.2460053581299 0.653756253214372 -2.48137454415163
5.25792039401185 0.624018768304132 -2.50946912461613
5.26968276821538 0.594342752391637 -2.53570585221199
5.28130050614244 0.564737418915499 -2.56011971311752
5.29278173535725 0.535209910254066 -2.58274529005916
5.30413459019286 0.505765649999938 -2.60361631257518
5.31536713980617 0.476408646451137 -2.62276532934771
5.32648733566863 0.44714175138851 -2.64022347852088
5.33750297487619 0.417966878952498 -2.65602033517842
5.34842167612818 0.388885189630602 -2.67018381846476
5.35925086570178 0.359897244216835 -2.68274014394073
5.3699977712 0.331003132251388 -2.69371380953674
5.38066942125728 0.30220257899427 -2.70312760585098
5.39127264974037 0.273495034498626 -2.71100264353755
5.40181410328161 0.24487974787025 -2.71735839216907
5.41230025123066 0.216355829354232 -2.72221272628178
5.42273739731384 0.187922302490132 -2.72558197536611
5.43313169245473 0.1595781482281 -2.72748097539694
5.44348914833963 0.131322342599715 -2.72792312014808
5.45381565141506 0.103153889285834 -2.72692041103994
5.4641169770837 0.0750718482150832 -2.7244835046598
5.47439880392734 0.0470753611557926 -2.72062175739545
5.48466672783097 0.0191636751264219 -2.71534326685687
5.49492627591646 -0.0086638356596355 -2.70865490994315
5.50518292021792 -0.0364076486834693 -2.7005623775586
5.51544209104622 -0.0640680722760145 -2.69107020610283
5.52570918999821 -0.0916452245156222 -2.68018180596511
5.53598960256833 -0.11913901137224 -2.66789948735136
5.54628871031597 -0.146549103616079 -2.65422448387021
5.55661190253228 -0.173874912008715 -2.63915697440913
5.56696458733478 -0.2011155602822 -2.62269610394999
5.57735220209582 -0.228269855387513 -2.6048400041115
5.58778022308242 -0.255336254458049 -2.58558581437262
5.59825417414773 -0.282312827887046 -2.56492970513273
5.60877963426793 -0.309197217860252 -2.54286690401185
5.61936224366061 -0.335986591617144 -2.51939172709771
5.63000770814968 -0.362677588636453 -2.49449761721757
5.64072180135486 -0.38926626085621 -2.46817719176633
5.65151036417837 -0.415748004947464 -2.44042230317304
5.66237930093438 -0.442117485568667 -2.41122411575274
5.67333457131457 -0.468368548441122 -2.38057320348554
5.6843821772036 -0.494494122015207 -2.34845967420693
5.69552814314844 -0.520486106457746 -2.31487332679212
5.70677848904544 -0.546335248705129 -2.27980384917732
5.71813919334067 -0.572031002426262 -2.24324106646801
5.72961614475014 -0.597561371968086 -2.20517524990024
5.74121508021166 -0.622912739773443 -2.16559749896591
5.75294150650635 -0.648069677444485 -2.12450021044472
5.76480060277844 -0.673014741673186 -2.08187764917456
5.77679710110255 -0.697728257792818 -2.03772663578675
5.78893514239459 -0.722188095854251 -1.99204736582554
5.80121810546441 -0.746369447032175 -1.94484437196687
5.81364840803336 -0.770244611922826 -1.8961276355595
5.82622728028213 -0.793782816929996 -1.84591384437781
5.83895451415567 -0.816950080316557 -1.79422777920859
5.85182819539186 -0.839709155230493 -1.74110379181038
5.86484443009552 -0.862019582327333 -1.68658731063695
5.87799708345209 -0.883837888262929 -1.63073627949997
5.89127755430431 -0.905117966599534 -1.57362240099375
5.90467461477058 -0.925811672519929 -1.51533202647701
5.91817434736658 -0.945869650270152 -1.45596651573932
5.93176021142062 -0.96524239140173 -1.39564189183588
5.94541326432781 -0.983881493379178 -1.33448764890798
5.95911255057109 -1.00174105520061 -1.27264463781342
5.97283565315471 -1.0187791152156 -1.21026205277047
5.98655938072197 -1.03495901382186 -1.14749365854043
6.00026054331308 -1.05025055723072 -1.08449350975299
6.01391675512966 -1.06463087202123 -1.02141149637427
6.02750719749472 -1.07808487279077 -0.958389081451544
6.04101328080337 -1.09060531070429 -0.89555557076168
6.05441915920845 -1.10219241960146 -0.833025175716981
6.06771207237654 -1.11285321867581 -0.770895020275455
6.08088251025316 -1.12260055937156 -0.709244124644779
6.09392421529071 -1.13145201612713 -0.648133295858331
6.10683404944634 -1.13942871723975 -0.587605782434015
6.11961175968917 -1.14655419760807 -0.527688512127677
6.13225967648754 -1.15285333465238 -0.468393724917243
6.14478237634156 -1.15835140705464 -0.409720829636545
6.15718633366571 -1.16307329649623 -0.351658342564743
6.16947958075746 -1.16704283714099 -0.294185801295006
6.18167138832014 -1.17028230674877 -0.237275581187882
6.19377197367802 -1.1728120466611 -0.180894571002484
6.20579223968611 -1.17465019467287 -0.125005687334387
6.21774354438542 -1.17581251405966 -0.069569224176277
6.22963749953357 -1.17631230290726 -0.0145440449994943
6.24148579503322 -1.17616036969062 0.0401113686655072
6.25330004577098 -1.17536506326654 0.094437994949868
6.26509165727846 -1.17393234773595 0.148475457593115
6.27687170678512 -1.17186591479259 0.2022613027075
6.28865083654557 -1.16916732809245 0.255830350570036
6.30043915671829 -1.16583619580186 0.309214108824821
6.31224615550997 -1.16187036879486 0.362440235959155
6.32408061475758 -1.15726616297117 0.415532046573556
6.33595052959456 -1.15201860485643 0.468508052740315
6.34786303134117 -1.14612170002481 0.521381538622592
6.35982431327893 -1.13956872394151 0.574160168505331
6.37183955952066 -1.13235253454523 0.626845631460127
6.38391287777385 -1.12446590526329 0.679433328986656
6.39604723740601 -1.11590187616507 0.731912115051766
6.40824441483888 -1.10665411962028 0.784264100827226
6.42050494888753 -1.09671731517185 0.836464538879068
6.4328281091703 -1.08608752643592 0.888481803284763
6.44521188107955 -1.07476257083136 0.940277482794986
6.45765297094425 -1.06274237100445 0.991806603342904
6.47014683485607 -1.05002927519151 1.04301799360434
6.48268773410276 -1.03662833273088 1.09385480271142
6.49526881921974 -1.02254751077759 1.14425517260409
6.50788224333851 -1.00779783923208 1.19415305912467
6.52051930384551 -0.99239347311224 1.24347918639225
6.53317060949643 -0.976351665074473 1.29216210910771
6.54582626824185 -0.959692645340587 1.34012934832707
6.55847608932981 -0.942439411543577 1.38730855905689
6.57110979197512 -0.924617436449583 1.43362868379819
6.58371721220211 -0.906254306551399 1.47902104559753
6.59628849948201 -0.887379308589082 1.52342033747753
6.60881429550491 -0.868022983684516 1.56676547200113
6.62128588876109 -0.848216669726886 1.60900026436839
6.6336953403862 -0.82799205189794 1.65007393370231
6.64603557873216 -0.807380738986349 1.68994141876626
6.65830046213298 -0.78641387978694 1.72856351506546
6.67048481114389 -0.765121829881986 1.76590684917137
6.68258441299714 -0.743533874935127 1.80194371258541
6.69459600205752 -0.721678012707945 1.83665178132502
6.7065172206607 -0.699580792640815 1.87001374880505
6.71834656491136 -0.677267209203312 1.90201689887976
6.73008331987815 -0.654760643376138 1.93265264362004
6.7417274882363 -0.632082845540748 1.9619160470787
6.7532797158651 -0.609253952623581 1.98980535245453
6.76474121728836 -0.586292532433038 2.01632152612507
6.77611370321488 -0.563215648593864 2.04146782829144
6.78739931184099 -0.540038940189578 2.06524941666769
6.79860054504813 -0.516776711053911 2.08767298685925
6.80972021018041 -0.493442024516908 2.10874645084071
6.8207613677255 -0.47004680024626 2.12847865324046
6.83172728494204 -0.446601910588106 2.14687912391405
6.84262139527161 -0.423117274481134 2.16395786446679
6.85344726323024 -0.399601947584676 2.17972516589299
6.86420855438435 -0.376064207726709 2.19419145426085
6.8749090099653 -0.352511635148627 2.20736716132215
6.88555242565784 -0.328951187311157 2.21926261701005
6.89614263410058 -0.305389268242088 2.22988796096054
6.90668349065459 -0.281831792563841 2.23925307041924
6.91717886202459 -0.25828424444879 2.24736750214859
6.92763261735037 -0.234751731822799 2.25424044621221
6.93804862142243 -0.211239036181469 2.25988068977095
6.9484307297117 -0.187750658406236 2.26429658926953
6.95878278493834 -0.164290860974712 2.26749604961987
6.96910861493712 -0.140863706956122 2.2694865091942
6.97941203160644 -0.117473096172035 2.2702749296274
6.98969683075483 -0.0941227988875543 2.26986778959474
6.9999667926817 -0.0708164873808881 2.2682710818788
7.01022568334909 -0.0475577657211402 2.26549031317101
7.02047725601812 -0.0243501980665273 2.26153050616976
7.0307252532371 -0.00119733577863703 2.25639620364165
7.04097340907945 0.0218972563665982 2.25009147420674
7.05122545153742 0.0449299746035474 2.24261991969538
7.06148510498272 0.0678971509803826 2.23398468400524
7.07175609260837 0.0907950282933984 2.2241884634643
7.08204213876581 0.113619734910685 2.21323351878199
7.09234697110907 0.13636725924821 2.20112168874692
7.1026743224529 0.159033423664002 2.18785440590916
7.11302793224349 0.181613857537101 2.17343271456894
7.12341154753017 0.204103969297607 2.15785729148453
7.13382892331198 0.226498917172912 2.14112846981213
7.14428382211606 0.248793578413636 2.12324626690176
7.15478001264342 0.270982516761615 2.10421041669813
7.16532126729237 0.293059947922565 2.08402040763631
7.17591135834038 0.315019702808918 2.06267552708099
7.18655405253056 0.336855188325649 2.04017491353738
7.1972531037694 0.35855934548571 2.01651761806268
7.20801224359797 0.380124604664914 1.99170267653058
7.218835169049 0.401542837842303 1.9657291946469
7.22972552744824 0.422805307725848 1.93859644787976
7.24068689766097 0.443902613740564 1.91030399874739
7.25172276722568 0.464824634963883 1.88085183419204
7.26283650475964 0.4855604702402 1.85024052604296
7.27403132697021 0.506098375903224 1.81847141781391
7.28531025956837 0.526425701793113 1.78554684125637
7.29667609136592 0.546528826588663 1.75147036615218
7.30813132085961 0.566393093896874 1.71624708671584
7.31967809467919 0.586002751066202 1.67988394760295
7.33131813742584 0.605340893325672 1.64239011178261
7.34305267267682 0.624389416603331 1.60377737130072
7.35488233531238 0.643128983236034 1.56406060009098
7.36680707586317 0.661539005721743 1.52325824532777
7.37882605830934 0.679597654631944 1.48139285021465
7.39093755370616 0.697281897705814 1.4384915964652
7.40313883316624 0.714567577854845 1.39458684904749
7.41542606506455 0.731429538132372 1.34971667917387
7.42779422277248 0.747841801435451 1.3039253343906
7.44023701063479 0.763777811545526 1.25726361761782
7.45274681707348 0.779210739824356 1.2097891311044
7.46531470436978 0.794113858273265 1.1615663378005
7.47793044453557 0.808460974692423 1.11266639311507
7.49058260944869 0.82222691952935 1.06316670586785
7.50325872089141 0.835388067169494 1.01315019950259
7.51594546227147 0.847922867701935 0.962704263497394
7.52862894884169 0.859812359645697 0.911919409367642
7.54129504766924 0.871040630884622 0.860887673302356
7.55392973317682 0.881595195099641 0.8097008347026
7.56651945963731 0.891467254831053 0.758448542481162
7.57905152933319 0.900651829822637 0.707216455002489
7.5915144347115 0.909147739656181 0.656084502299835
7.60389815489192 0.91695744146727 0.605125369973989
7.61619439099701 0.924086735054685 0.554403284402347
7.6283967302919 0.93054435737176 0.503973151826447
7.64050073517888 0.93634149506633 0.453880073793444
7.65250395883626 0.941491246889336 0.404159232565216
7.66440589404595 0.946008067533677 0.354836115902725
7.67620786512384 0.949907221411517 0.305927033167934
7.68791886526958 0.953205811997676 0.257415054473742
7.69957213185948 0.955924385251672 0.209181710574298
7.71118594222501 0.958074813025944 0.161169899817294
7.72276955898269 0.959664612869114 0.113359409491445
7.73432681829338 0.960699359484173 0.065752083819864
7.74585831415284 0.961184022357424 0.0183627621651323
7.75736273135903 0.961123693626776 -0.0287862699207236
7.76883765660905 0.960523969763869 -0.0756686684352519
7.78028006791431 0.959391138437369 -0.122256082400012
7.79168662557738 0.957732257720978 -0.16851937915864
7.80305384128614 0.95555517756324 -0.214429361678849
7.81437817316803 0.952868531663223 -0.259957177452552
7.82565607681271 0.949681715135477 -0.30507454455607
7.83688403110702 0.946004855888714 -0.349753873824388
7.84808246991061 0.941839355763101 -0.394062708005502
7.8592728427207 0.937182661210607 -0.4380708510396
7.87046988675792 0.932031833182904 -0.481819826497233
7.88168384132983 0.92638390511599 -0.525332033126721
7.89292181219228 0.920236120951956 -0.568616393667148
7.90418862004439 0.913586120420605 -0.611671886373165
7.91548733523359 0.906432101970143 -0.65448979797461
7.92681962229932 0.898772974983796 -0.697055209703049
7.93818597051971 0.890608503598992 -0.739348030132109
7.94958585752098 0.881939440078472 -0.781343767229678
7.96101787497469 0.872767643920934 -0.823014156783928
7.9724798341207 0.863096182513628 -0.864327717239365
7.98396886171499 0.852929409481556 -0.905250271150509
7.99548149243256 0.842273017645545 -0.945745454385778
8.00701376079595 0.831134064486015 -0.985775221925421
8.01856129376585 0.819520969113967 -1.02530035119432
8.03011940386977 0.807443480898058 -1.06428093890308
8.0416831819445 0.794912621019488 -1.1026768844577
8.05324758809897 0.781940599261802 -1.14044835158984
8.06480753928386 0.768540709232692 -1.17755619958857
8.0763579918273 0.754727205911245 -1.21396237611125
8.08789401741687 0.740515169882418 -1.24963026478726
8.09941087124064 0.725920362844565 -1.28452498250139
8.11090405130634 0.71095907895825 -1.31861362316126
8.1223693483061 0.695647996366465 -1.3518654467419
8.13380288575235 0.680004032793579 -1.38425201430849
8.14520115045296 0.664044208569133 -1.41574727142387
8.15656101369942 0.647785519773852 -1.44632758376295
8.16787974379509 0.631244823519316 -1.47597172983203
8.17915501074504 0.614438736695066 -1.50466085640961
8.19038488406027 0.597383548884713 -1.53237840270004
8.20156782470093 0.580095149593293 -1.55910999925762
8.21270267220185 0.562588969458831 -1.58484334754692
8.22378862799741 0.544879934749574 -1.60956808561269
8.2348252359017 0.526982434174309 -1.63327564479913
8.24581236061407 0.508910296850189 -1.65595910183863
8.25675016501891 0.490676780170018 -1.67761302997215
8.26763908693935 0.472294566276059 -1.69823335210706
8.27847981589503 0.453775765866412 -1.71781719839257
8.28927327030845 0.435131928119587 -1.73636277001915
8.30002057550663 0.416374055610784 -1.75386921053889
8.31072304277707 0.397512623199127 -1.77033648556487
8.32138214966018 0.378557599979991 -1.78576527133987
8.33199952159547 0.359518473513764 -1.80015685236568
8.34257691498455 0.340404275656783 -1.81351302804797
8.35311620169029 0.321223609428351 -1.82583602813128
8.3636193549573 0.301984676447143 -1.83712843656753
8.3740884367124 0.282695304559961 -1.84739312337005
8.38452558618485 0.263362975364938 -1.85663318394858
8.39493300977238 0.24399485140025 -1.86485188539037
8.40531297207045 0.224597802828447 -1.87205261914391
8.41566778797719 0.205178433496564 -1.8782388595691
8.4259998157845 0.18574310629396 -1.88341412783751
8.4363114511657 0.166297967764412 -1.88758196069413
8.44660512197206 0.146848971957202 -1.89074588362635
8.45688328375307 0.127401903524724 -1.89290938802336
8.46714841591892 0.107962400092334 -1.89407591194926
8.47740301846722 0.0885359739404881 -1.89424882419361
8.48764960919986 0.0691280330503589 -1.89343141130417
8.4978907213596 0.0497439015726211 -1.89162686734683
8.50812890161908 0.0303888397855085 -1.88883828617728
8.51836670835815 0.0110680636129048 -1.88506865604765
8.52860671016753 -0.00821323622346445 -1.88032085640901
8.5388514845185 -0.0274498753414711 -1.87459765680779
8.54910361653953 -0.0466366570480787 -1.86790171781054
8.55936569784076 -0.065768353822739 -1.86023559392783
8.56964032532696 -0.0848396888565878 -1.85160173854456
8.57993009993791 -0.103845317569958 -1.84200251090069
8.59023762525295 -0.122779809031923 -1.83144018520479
8.60056550589292 -0.141637627207365 -1.81991696200177
8.61091634564861 -0.160413111959576 -1.80743498195775
8.62129274525889 -0.179100459739739 -1.7939963422686
8.63169729975531 -0.197693703899017 -1.77960311594533
8.64213259528187 -0.216186694564769 -1.76425737427947
8.65260120528933 -0.234573078029805 -1.74796121284496
8.66310568599276 -0.252846275613207 -1.73071678145099
8.67364857096929 -0.270999461963576 -1.71252631852186
8.68423236475912 -0.289025542791237 -1.69339219044603
8.69485953531876 -0.306917132035967 -1.6733169365063
8.70553250515931 -0.324666528501977 -1.65230332007604
8.71625364098623 -0.342265692023592 -1.63035438684124
8.72702524163995 -0.359706219264615 -1.60747353088256
8.73784952412028 -0.37697931930335 -1.58366456952308
8.74872860746201 -0.39407578921566 -1.55893182791078
8.75966449421674 -0.410985989942181 -1.53328023435505
8.77065904928764 -0.427699822815147 -1.50671542746395
8.78171397586302 -0.444206707227576 -1.47924387612438
8.79283078820358 -0.460495560054835 -1.45087301331505
8.80401078106177 -0.476554777587816 -1.42161138462531
8.8152549955546 -0.49237222090918 -1.39146881214892
8.82656418137984 -0.507935205839246 -1.36045657410451
8.8379387553663 -0.523230498793973 -1.32858760007191
8.84937875649151 -0.538244320129225 -1.29587668109267
8.8608837976905 -0.552962356783954 -1.26234069302621
8.87245301502871 -0.567369786265669 -1.22799883044657
8.88408501512428 -0.58145131422326 -1.19287284698051
8.89577782208518 -0.595191227995325 -1.15698729631277
8.90752882567242 -0.608573468568122 -1.12036976613046
8.91933473289979 -0.621581723278326 -1.08305109509575
8.93119152581219 -0.63419954129733 -1.04506556062634
8.94309442870873 -0.646410473377544 -1.0064510229961
8.9550378885387 -0.658198236473552 -0.967249009288389
8.96701557252366 -0.669546902633159 -0.927504719366519
8.97902038715908 -0.68044110997631 -0.887266935656222
8.99104452252858 -0.690866291679744 -0.846587819579871
9.00307952523346 -0.700808916759285 -0.805522580326957
9.01511640213856 -0.710256734256791 -0.764129006560297
9.02714575554542 -0.719199010430548 -0.722466858703784
9.03915794838034 -0.727626747002334 -0.680597128396249
9.05115434822864 -0.735539926799811 -0.638542326027558
9.06318902898338 -0.74297006577655 -0.596138050551719
9.07529144955368 -0.749926157723064 -0.553303412253773
9.08747581778512 -0.756404574217563 -0.5100103800236
9.09974667274122 -0.76239488709514 -0.466265267684652
9.11210230089144 -0.767883398472514 -0.422097220476382
9.12453688104514 -0.772855341186129 -0.377550832313344
9.13704187123992 -0.777296285463818 -0.332681236499261
9.149606937907 -0.781193055581651 -0.287550695297203
9.16222060449558 -0.784534330734265 -0.242226112763899
9.1748707239524 -0.787311031344624 -0.196777133379113
9.18754483608821 -0.789516551103144 -0.151274631844032
9.20023044517786 -0.791146872470486 -0.105789484116296
9.21291523824086 -0.792200591253522 -0.0603915584018807
9.22558725613385 -0.792678869459199 -0.0151488911813539
9.23823502522111 -0.79258533215893 0.0298729737561845
9.25084765529706 -0.791925921956134 0.0746115000890049
9.26341490854769 -0.790708722985884 0.119007543086631
9.27592724399886 -0.788943764795246 0.163005618909557
9.2883758417222 -0.786642814834756 0.206554075396403
9.30075261085809 -0.783819166657688 0.249605180641338
9.31305018519139 -0.780487429353621 0.292115144935251
9.32526190957718 -0.77666332232073 0.334044090245187
9.33738181999241 -0.772363478269304 0.375355979531962
9.34940461943541 -0.767605256377108 0.416018516096318
9.36132565135338 -0.762406566784508 0.456003021025718
9.37314087178741 -0.756785707099067 0.495284294864491
9.38484682100921 -0.750761211236524 0.533840467966744
9.39644059509597 -0.744351710712901 0.571652842671652
9.40791981765128 -0.737575808377416 0.608705729472099
9.41928261172332 -0.730451964500655 0.644986278700667
9.43052757188517 -0.722998395078326 0.680484308879136
9.44165373641034 -0.715232982158512 0.715192132705009
9.45269196841284 -0.707149659224495 0.749200549238901
9.46368018779397 -0.698732482311546 0.782617588576937
9.47464101809898 -0.689972897537257 0.815500039455999
9.48558759580926 -0.68086749741816 0.847873299169291
9.49652712495127 -0.671416520149325 0.87974345825356
9.50746308437587 -0.661622833872289 0.911104769353851
9.51839661451112 -0.651491240780202 0.941944319906403
9.52932739770909 -0.64102799316622 0.972244987774087
9.54025422291723 -0.630240450177192 1.00198733119108
9.55117535189796 -0.619136828082593 1.03115081081869
9.56208875963443 -0.607726012860754 1.0597145888213
9.57299229419587 -0.596017414596858 1.08765805665999
9.58388378441597 -0.584020850332008 1.1149611860934
9.59476111322732 -0.571746446752809 1.14160476263153
9.6056222679499 -0.55920455724058 1.16757053893028
9.61646537474914 -0.546405689834923 1.19284133216654
9.62728872193049 -0.533360443967051 1.21740108110919
9.6380907751438 -0.52007945462976 1.24123487343475
9.64887018657118 -0.50657334314069 1.26432895060915
9.65962579954235 -0.492852673937353 1.28667069561894
9.67035664961917 -0.47892791699323 1.30824860752109
9.68106196293085 -0.464809415515384 1.32905226590737
9.69174115236723 -0.450507358609403 1.34907228777277
9.7023938121169 -0.436031758599049 1.36830027883428
9.71301971094977 -0.421392432679459 1.38672878100378
9.72361878457617 -0.406598988572488 1.4043512174402
9.73419112736128 -0.391660813845268 1.42116183637176
9.74473698362851 -0.376587068550678 1.43715565467566
9.75525673874694 -0.361386680851703 1.45232840202448
9.76575091016428 -0.346068345300491 1.46667646625213
9.77622013851717 -0.330640523456543 1.48019684045448
9.78666517892463 -0.315111446545946 1.49288707221994
9.79708689254745 -0.299489119883827 1.504745215282
9.80748623847647 -0.283781328804357 1.51576978379749
9.81786426599563 -0.267995645865719 1.52595970938031
9.82822210725059 -0.252139439120833 1.53531430095876
9.83856097034159 -0.236219881267584 1.54383320747517
9.8488821328487 -0.220243959514512 1.55151638340671
9.85918693578897 -0.204218486018915 1.55836405705548
9.86947677799803 -0.188150108774003 1.56437670153338
9.87975311092291 -0.172045322839829 1.56955500835083
9.89001743380878 -0.155910481829305 1.57389986350802
9.90027128925824 -0.139751809575542 1.57741232598123
9.91051625913974 -0.123575411920157 1.58009360849531
9.92075396081923 -0.10738728857409 1.58194506047424
9.93098604368804 -0.0911933450129257 1.58296815306608
9.94121418595857 -0.0749994043779191 1.58316446614451
9.95144009169887 -0.0588112193618128 1.58253567719702
9.96166548807642 -0.0426344840653894 1.58108355201914
9.97189212278102 -0.0264748458164724 1.57880993714435
9.98212176159612 -0.0103379169479552 1.57571675395079
9.99235618608757 0.00577071346456417 1.57180599439771
10 0.0177729834066188 1.56835529274647
